#      xKs    Kstp_tot
#
  2.396000   0.000066
  2.395500   0.000074
  2.395000   0.000075
  2.394500   0.000077
  2.394000   0.000096
  2.393500   0.000082
  2.393000   0.000104
  2.392500   0.000068
  2.392000   0.000084
  2.391500   0.000104
  2.391000   0.000083
  2.390500   0.000081
  2.390000   0.000110
  2.389500   0.000100
  2.389000   0.000098
  2.388500   0.000132
  2.388000   0.000123
  2.387500   0.000120
  2.387000   0.000146
  2.386500   0.000148
  2.386000   0.000138
  2.385500   0.000169
  2.385000   0.000139
  2.384500   0.000142
  2.384000   0.000171
  2.383500   0.000158
  2.383000   0.000157
  2.382500   0.000172
  2.382000   0.000185
  2.381500   0.000175
  2.381000   0.000187
  2.380500   0.000200
  2.380000   0.000219
  2.379500   0.000210
  2.379000   0.000230
  2.378500   0.000218
  2.378000   0.000204
  2.377500   0.000260
  2.377000   0.000264
  2.376500   0.000264
  2.376000   0.000237
  2.375500   0.000290
  2.375000   0.000255
  2.374500   0.000289
  2.374000   0.000295
  2.373500   0.000313
  2.373000   0.000263
  2.372500   0.000300
  2.372000   0.000330
  2.371500   0.000381
  2.371000   0.000381
  2.370500   0.000402
  2.370000   0.000394
  2.369500   0.000410
  2.369000   0.000450
  2.368500   0.000456
  2.368000   0.000487
  2.367500   0.000492
  2.367000   0.000503
  2.366500   0.000544
  2.366000   0.000560
  2.365500   0.000596
  2.365000   0.000568
  2.364500   0.000584
  2.364000   0.000646
  2.363500   0.000698
  2.363000   0.000709
  2.362500   0.000726
  2.362000   0.000762
  2.361500   0.000812
  2.361000   0.000823
  2.360500   0.000870
  2.360000   0.000909
  2.359500   0.000955
  2.359000   0.000987
  2.358500   0.001037
  2.358000   0.001061
  2.357500   0.001118
  2.357000   0.001178
  2.356500   0.001225
  2.356000   0.001271
  2.355500   0.001336
  2.355000   0.001367
  2.354500   0.001420
  2.354000   0.001506
  2.353500   0.001580
  2.353000   0.001652
  2.352500   0.001718
  2.352000   0.001780
  2.351500   0.001859
  2.351000   0.001937
  2.350500   0.002068
  2.350000   0.002166
  2.349500   0.002236
  2.349000   0.002335
  2.348500   0.002487
  2.348000   0.002568
  2.347500   0.002673
  2.347000   0.002801
  2.346500   0.002951
  2.346000   0.003086
  2.345500   0.003216
  2.345000   0.003389
  2.344500   0.003497
  2.344000   0.003705
  2.343500   0.003868
  2.343000   0.004038
  2.342500   0.004199
  2.342000   0.004432
  2.341500   0.004624
  2.341000   0.004793
  2.340500   0.005079
  2.340000   0.005303
  2.339500   0.005523
  2.339000   0.005790
  2.338500   0.006096
  2.338000   0.006375
  2.337500   0.006670
  2.337000   0.006965
  2.336500   0.007271
  2.336000   0.007634
  2.335500   0.007928
  2.335000   0.008406
  2.334500   0.008760
  2.334000   0.009116
  2.333500   0.009566
  2.333000   0.009964
  2.332500   0.010513
  2.332000   0.010991
  2.331500   0.011470
  2.331000   0.011998
  2.330500   0.012557
  2.330000   0.013131
  2.329500   0.013793
  2.329000   0.014428
  2.328500   0.015104
  2.328000   0.015801
  2.327500   0.016528
  2.327000   0.017252
  2.326500   0.018103
  2.326000   0.018997
  2.325500   0.019920
  2.325000   0.020973
  2.324500   0.021903
  2.324000   0.022896
  2.323500   0.023959
  2.323000   0.025173
  2.322500   0.026467
  2.322000   0.027591
  2.321500   0.029075
  2.321000   0.030398
  2.320500   0.031878
  2.320000   0.033404
  2.319500   0.035214
  2.319000   0.037116
  2.318500   0.038858
  2.318000   0.040866
  2.317500   0.042796
  2.317000   0.044825
  2.316500   0.047393
  2.316000   0.049985
  2.315500   0.052453
  2.315000   0.054841
  2.314500   0.057494
  2.314000   0.060320
  2.313500   0.063544
  2.313000   0.067013
  2.312500   0.070535
  2.312000   0.074149
  2.311500   0.077648
  2.311000   0.081459
  2.310500   0.085829
  2.310000   0.090557
  2.309500   0.095341
  2.309000   0.099760
  2.308500   0.104777
  2.308000   0.109541
  2.307500   0.115035
  2.307000   0.120929
  2.306500   0.126926
  2.306000   0.133030
  2.305500   0.138977
  2.305000   0.144923
  2.304500   0.151340
  2.304000   0.158950
  2.303500   0.166174
  2.303000   0.171729
  2.302500   0.179560
  2.302000   0.185823
  2.301500   0.193183
  2.301000   0.200394
  2.300500   0.208082
  2.300000   0.215860
  2.299500   0.221832
  2.299000   0.228854
  2.298500   0.236202
  2.298000   0.242511
  2.297500   0.250042
  2.297000   0.256444
  2.296500   0.262066
  2.296000   0.267633
  2.295500   0.272833
  2.295000   0.278428
  2.294500   0.283259
  2.294000   0.288056
  2.293500   0.292592
  2.293000   0.296419
  2.292500   0.300179
  2.292000   0.303590
  2.291500   0.306957
  2.291000   0.310062
  2.290500   0.312620
  2.290000   0.314824
  2.289500   0.316907
  2.289000   0.318765
  2.288500   0.320602
  2.288000   0.322136
  2.287500   0.323484
  2.287000   0.324752
  2.286500   0.325513
  2.286000   0.326293
  2.285500   0.327039
  2.285000   0.327738
  2.284500   0.328320
  2.284000   0.328897
  2.283500   0.329119
  2.283000   0.329440
  2.282500   0.329899
  2.282000   0.330193
  2.281500   0.330440
  2.281000   0.330589
  2.280500   0.330655
  2.280000   0.330877
  2.279500   0.331095
  2.279000   0.331302
  2.278500   0.331460
  2.278000   0.331543
  2.277500   0.331847
  2.277000   0.331977
  2.276500   0.332375
  2.276000   0.332596
  2.275500   0.332816
  2.275000   0.333049
  2.274500   0.333459
  2.274000   0.333657
  2.273500   0.334186
  2.273000   0.334469
  2.272500   0.334743
  2.272000   0.335129
  2.271500   0.335599
  2.271000   0.336148
  2.270500   0.336490
  2.270000   0.336867
  2.269500   0.337331
  2.269000   0.337863
  2.268500   0.338327
  2.268000   0.338960
  2.267500   0.339403
  2.267000   0.339885
  2.266500   0.340317
  2.266000   0.340960
  2.265500   0.341405
  2.265000   0.341874
  2.264500   0.342399
  2.264000   0.342844
  2.263500   0.343376
  2.263000   0.343811
  2.262500   0.344359
  2.262000   0.344769
  2.261500   0.345261
  2.261000   0.345721
  2.260500   0.346244
  2.260000   0.346655
  2.259500   0.346974
  2.259000   0.347467
  2.258500   0.347949
  2.258000   0.348240
  2.257500   0.348685
  2.257000   0.349035
  2.256500   0.349487
  2.256000   0.349926
  2.255500   0.350203
  2.255000   0.350658
  2.254500   0.350983
  2.254000   0.351315
  2.253500   0.351679
  2.253000   0.352115
  2.252500   0.352331
  2.252000   0.352853
  2.251500   0.352962
  2.251000   0.353377
  2.250500   0.353939
  2.250000   0.354090
  2.249500   0.354447
  2.249000   0.354737
  2.248500   0.355130
  2.248000   0.355493
  2.247500   0.355867
  2.247000   0.356404
  2.246500   0.356577
  2.246000   0.356988
  2.245500   0.357465
  2.245000   0.357901
  2.244500   0.358224
  2.244000   0.358700
  2.243500   0.358993
  2.243000   0.359332
  2.242500   0.360100
  2.242000   0.360231
  2.241500   0.360762
  2.241000   0.361240
  2.240500   0.361650
  2.240000   0.362260
  2.239500   0.362653
  2.239000   0.363260
  2.238500   0.363588
  2.238000   0.364184
  2.237500   0.364724
  2.237000   0.365136
  2.236500   0.365662
  2.236000   0.366054
  2.235500   0.366618
  2.235000   0.367242
  2.234500   0.367802
  2.234000   0.368272
  2.233500   0.368845
  2.233000   0.369223
  2.232500   0.369819
  2.232000   0.370242
  2.231500   0.370980
  2.231000   0.371445
  2.230500   0.371893
  2.230000   0.372487
  2.229500   0.372886
  2.229000   0.373387
  2.228500   0.373854
  2.228000   0.374391
  2.227500   0.374977
  2.227000   0.375431
  2.226500   0.375657
  2.226000   0.376261
  2.225500   0.376670
  2.225000   0.377023
  2.224500   0.377564
  2.224000   0.377955
  2.223500   0.378338
  2.223000   0.378767
  2.222500   0.379147
  2.222000   0.379497
  2.221500   0.379857
  2.221000   0.380088
  2.220500   0.380465
  2.220000   0.380819
  2.219500   0.380979
  2.219000   0.381472
  2.218500   0.381739
  2.218000   0.381841
  2.217500   0.382126
  2.217000   0.382360
  2.216500   0.382640
  2.216000   0.382741
  2.215500   0.382949
  2.215000   0.383068
  2.214500   0.383320
  2.214000   0.383695
  2.213500   0.383835
  2.213000   0.383855
  2.212500   0.383878
  2.212000   0.384104
  2.211500   0.384344
  2.211000   0.384471
  2.210500   0.384450
  2.210000   0.384629
  2.209500   0.384805
  2.209000   0.384867
  2.208500   0.384918
  2.208000   0.384973
  2.207500   0.385175
  2.207000   0.385357
  2.206500   0.385411
  2.206000   0.385482
  2.205500   0.385563
  2.205000   0.385715
  2.204500   0.385804
  2.204000   0.385899
  2.203500   0.386072
  2.203000   0.386159
  2.202500   0.386388
  2.202000   0.386526
  2.201500   0.386568
  2.201000   0.386708
  2.200500   0.386941
  2.200000   0.387008
  2.199500   0.387359
  2.199000   0.387476
  2.198500   0.387502
  2.198000   0.387728
  2.197500   0.387833
  2.197000   0.388055
  2.196500   0.388382
  2.196000   0.388515
  2.195500   0.388515
  2.195000   0.388870
  2.194500   0.389200
  2.194000   0.389297
  2.193500   0.389490
  2.193000   0.389783
  2.192500   0.389949
  2.192000   0.390128
  2.191500   0.390549
  2.191000   0.390632
  2.190500   0.390723
  2.190000   0.390983
  2.189500   0.391316
  2.189000   0.391290
  2.188500   0.391620
  2.188000   0.391746
  2.187500   0.391984
  2.187000   0.392243
  2.186500   0.392399
  2.186000   0.392484
  2.185500   0.392569
  2.185000   0.392787
  2.184500   0.393033
  2.184000   0.393151
  2.183500   0.393250
  2.183000   0.393294
  2.182500   0.393535
  2.182000   0.393715
  2.181500   0.393747
  2.181000   0.393748
  2.180500   0.393827
  2.180000   0.393807
  2.179500   0.393925
  2.179000   0.393893
  2.178500   0.393902
  2.178000   0.393774
  2.177500   0.393955
  2.177000   0.393904
  2.176500   0.393900
  2.176000   0.393806
  2.175500   0.393775
  2.175000   0.393330
  2.174500   0.393463
  2.174000   0.393462
  2.173500   0.393160
  2.173000   0.393061
  2.172500   0.392942
  2.172000   0.392870
  2.171500   0.392662
  2.171000   0.392462
  2.170500   0.392190
  2.170000   0.392002
  2.169500   0.391743
  2.169000   0.391758
  2.168500   0.391419
  2.168000   0.391108
  2.167500   0.390964
  2.167000   0.390809
  2.166500   0.390481
  2.166000   0.390411
  2.165500   0.389987
  2.165000   0.389775
  2.164500   0.389532
  2.164000   0.389132
  2.163500   0.389027
  2.163000   0.388769
  2.162500   0.388477
  2.162000   0.388348
  2.161500   0.388010
  2.161000   0.387903
  2.160500   0.387647
  2.160000   0.387338
  2.159500   0.387204
  2.159000   0.386851
  2.158500   0.386581
  2.158000   0.386405
  2.157500   0.386192
  2.157000   0.386138
  2.156500   0.386034
  2.156000   0.385789
  2.155500   0.385678
  2.155000   0.385183
  2.154500   0.385008
  2.154000   0.384968
  2.153500   0.384849
  2.153000   0.384678
  2.152500   0.384466
  2.152000   0.384347
  2.151500   0.384251
  2.151000   0.384263
  2.150500   0.384212
  2.150000   0.383912
  2.149500   0.383801
  2.149000   0.383707
  2.148500   0.383850
  2.148000   0.383546
  2.147500   0.383512
  2.147000   0.383305
  2.146500   0.383435
  2.146000   0.383399
  2.145500   0.383471
  2.145000   0.383374
  2.144500   0.383295
  2.144000   0.383189
  2.143500   0.383157
  2.143000   0.383050
  2.142500   0.383105
  2.142000   0.383155
  2.141500   0.383121
  2.141000   0.383167
  2.140500   0.383162
  2.140000   0.383303
  2.139500   0.383146
  2.139000   0.383079
  2.138500   0.383164
  2.138000   0.383331
  2.137500   0.383244
  2.137000   0.383363
  2.136500   0.383437
  2.136000   0.383520
  2.135500   0.383637
  2.135000   0.383592
  2.134500   0.383707
  2.134000   0.383720
  2.133500   0.383767
  2.133000   0.383892
  2.132500   0.383978
  2.132000   0.384150
  2.131500   0.384260
  2.131000   0.384297
  2.130500   0.384462
  2.130000   0.384504
  2.129500   0.384707
  2.129000   0.384800
  2.128500   0.384964
  2.128000   0.385154
  2.127500   0.385288
  2.127000   0.385305
  2.126500   0.385516
  2.126000   0.385840
  2.125500   0.385981
  2.125000   0.386256
  2.124500   0.386439
  2.124000   0.386637
  2.123500   0.386983
  2.123000   0.387176
  2.122500   0.387450
  2.122000   0.387557
  2.121500   0.387877
  2.121000   0.388264
  2.120500   0.388579
  2.120000   0.388980
  2.119500   0.389236
  2.119000   0.389380
  2.118500   0.389699
  2.118000   0.390111
  2.117500   0.390470
  2.117000   0.390819
  2.116500   0.391061
  2.116000   0.391527
  2.115500   0.391961
  2.115000   0.392286
  2.114500   0.392718
  2.114000   0.393175
  2.113500   0.393474
  2.113000   0.393751
  2.112500   0.394225
  2.112000   0.394709
  2.111500   0.394950
  2.111000   0.395311
  2.110500   0.395780
  2.110000   0.396199
  2.109500   0.396680
  2.109000   0.397059
  2.108500   0.397392
  2.108000   0.397534
  2.107500   0.398162
  2.107000   0.398395
  2.106500   0.398827
  2.106000   0.399082
  2.105500   0.399466
  2.105000   0.399966
  2.104500   0.400098
  2.104000   0.400356
  2.103500   0.400767
  2.103000   0.401067
  2.102500   0.401255
  2.102000   0.401298
  2.101500   0.401690
  2.101000   0.401955
  2.100500   0.402204
  2.100000   0.402352
  2.099500   0.402498
  2.099000   0.402628
  2.098500   0.402912
  2.098000   0.402945
  2.097500   0.403074
  2.097000   0.403098
  2.096500   0.403260
  2.096000   0.403273
  2.095500   0.403487
  2.095000   0.403473
  2.094500   0.403463
  2.094000   0.403520
  2.093500   0.403538
  2.093000   0.403572
  2.092500   0.403424
  2.092000   0.403379
  2.091500   0.403359
  2.091000   0.403339
  2.090500   0.403340
  2.090000   0.403323
  2.089500   0.403264
  2.089000   0.403297
  2.088500   0.403038
  2.088000   0.402816
  2.087500   0.402868
  2.087000   0.402785
  2.086500   0.402798
  2.086000   0.402515
  2.085500   0.402384
  2.085000   0.402222
  2.084500   0.402255
  2.084000   0.402166
  2.083500   0.402211
  2.083000   0.401981
  2.082500   0.401781
  2.082000   0.401797
  2.081500   0.401612
  2.081000   0.401610
  2.080500   0.401431
  2.080000   0.401387
  2.079500   0.401242
  2.079000   0.401333
  2.078500   0.401070
  2.078000   0.401085
  2.077500   0.401010
  2.077000   0.400881
  2.076500   0.400858
  2.076000   0.400661
  2.075500   0.400783
  2.075000   0.400695
  2.074500   0.400656
  2.074000   0.400515
  2.073500   0.400564
  2.073000   0.400578
  2.072500   0.400556
  2.072000   0.400417
  2.071500   0.400354
  2.071000   0.400242
  2.070500   0.400301
  2.070000   0.400216
  2.069500   0.400244
  2.069000   0.400235
  2.068500   0.400130
  2.068000   0.400007
  2.067500   0.400198
  2.067000   0.400179
  2.066500   0.400099
  2.066000   0.399950
  2.065500   0.400102
  2.065000   0.399895
  2.064500   0.399980
  2.064000   0.400006
  2.063500   0.399985
  2.063000   0.399920
  2.062500   0.399980
  2.062000   0.399855
  2.061500   0.399854
  2.061000   0.399896
  2.060500   0.399729
  2.060000   0.399787
  2.059500   0.399805
  2.059000   0.399606
  2.058500   0.399828
  2.058000   0.399754
  2.057500   0.399667
  2.057000   0.399635
  2.056500   0.399439
  2.056000   0.399572
  2.055500   0.399494
  2.055000   0.399250
  2.054500   0.399259
  2.054000   0.399320
  2.053500   0.399238
  2.053000   0.399045
  2.052500   0.399034
  2.052000   0.399060
  2.051500   0.398863
  2.051000   0.398654
  2.050500   0.398611
  2.050000   0.398448
  2.049500   0.398405
  2.049000   0.398104
  2.048500   0.397944
  2.048000   0.397798
  2.047500   0.397606
  2.047000   0.397339
  2.046500   0.397102
  2.046000   0.396857
  2.045500   0.396564
  2.045000   0.396342
  2.044500   0.396079
  2.044000   0.395700
  2.043500   0.395274
  2.043000   0.394940
  2.042500   0.394700
  2.042000   0.394231
  2.041500   0.393816
  2.041000   0.393326
  2.040500   0.392881
  2.040000   0.392383
  2.039500   0.391929
  2.039000   0.391556
  2.038500   0.390993
  2.038000   0.390454
  2.037500   0.389931
  2.037000   0.389303
  2.036500   0.388620
  2.036000   0.388142
  2.035500   0.387559
  2.035000   0.386822
  2.034500   0.386135
  2.034000   0.385520
  2.033500   0.384857
  2.033000   0.384286
  2.032500   0.383640
  2.032000   0.382885
  2.031500   0.382243
  2.031000   0.381530
  2.030500   0.380777
  2.030000   0.380032
  2.029500   0.379596
  2.029000   0.378775
  2.028500   0.378160
  2.028000   0.377474
  2.027500   0.376651
  2.027000   0.376123
  2.026500   0.375455
  2.026000   0.374772
  2.025500   0.374022
  2.025000   0.373467
  2.024500   0.372790
  2.024000   0.372126
  2.023500   0.371370
  2.023000   0.370726
  2.022500   0.370128
  2.022000   0.369478
  2.021500   0.369067
  2.021000   0.368165
  2.020500   0.367489
  2.020000   0.366796
  2.019500   0.365988
  2.019000   0.365475
  2.018500   0.364712
  2.018000   0.364033
  2.017500   0.363222
  2.017000   0.362476
  2.016500   0.361712
  2.016000   0.361026
  2.015500   0.360073
  2.015000   0.359149
  2.014500   0.358215
  2.014000   0.357201
  2.013500   0.356360
  2.013000   0.355332
  2.012500   0.354175
  2.012000   0.352901
  2.011500   0.351823
  2.011000   0.350567
  2.010500   0.349003
  2.010000   0.347681
  2.009500   0.346263
  2.009000   0.344854
  2.008500   0.343229
  2.008000   0.341430
  2.007500   0.339422
  2.007000   0.337608
  2.006500   0.335702
  2.006000   0.333590
  2.005500   0.331515
  2.005000   0.329009
  2.004500   0.326394
  2.004000   0.323961
  2.003500   0.321341
  2.003000   0.318464
  2.002500   0.315533
  2.002000   0.312366
  2.001500   0.308696
  2.001000   0.305407
  2.000500   0.301605
  2.000000   0.297953
  1.999500   0.294006
  1.999000   0.289800
  1.998500   0.285031
  1.998000   0.280368
  1.997500   0.275889
  1.997000   0.270399
  1.996500   0.265776
  1.996000   0.260397
  1.995500   0.254815
  1.995000   0.249080
  1.994500   0.242365
  1.994000   0.236348
  1.993500   0.230002
  1.993000   0.223771
  1.992500   0.217354
  1.992000   0.210000
  1.991500   0.202907
  1.991000   0.196274
  1.990500   0.189611
  1.990000   0.182855
  1.989500   0.176300
  1.989000   0.168905
  1.988500   0.161405
  1.988000   0.154496
  1.987500   0.147793
  1.987000   0.141290
  1.986500   0.134636
  1.986000   0.127999
  1.985500   0.121061
  1.985000   0.114986
  1.984500   0.109507
  1.984000   0.103790
  1.983500   0.098442
  1.983000   0.092836
  1.982500   0.087082
  1.982000   0.082224
  1.981500   0.077214
  1.981000   0.073220
  1.980500   0.069092
  1.980000   0.064950
  1.979500   0.060637
  1.979000   0.056847
  1.978500   0.053832
  1.978000   0.050252
  1.977500   0.047494
  1.977000   0.044631
  1.976500   0.041975
  1.976000   0.039031
  1.975500   0.036546
  1.975000   0.034707
  1.974500   0.032430
  1.974000   0.030329
  1.973500   0.028476
  1.973000   0.026607
  1.972500   0.024816
  1.972000   0.023454
  1.971500   0.022185
  1.971000   0.020824
  1.970500   0.019525
  1.970000   0.018294
  1.969500   0.017205
  1.969000   0.016131
  1.968500   0.015229
  1.968000   0.014341
  1.967500   0.013528
  1.967000   0.012712
  1.966500   0.011866
  1.966000   0.011157
  1.965500   0.010566
  1.965000   0.010016
  1.964500   0.009392
  1.964000   0.008854
  1.963500   0.008291
  1.963000   0.007883
  1.962500   0.007459
  1.962000   0.007065
  1.961500   0.006645
  1.961000   0.006232
  1.960500   0.005928
  1.960000   0.005572
  1.959500   0.005312
  1.959000   0.005015
  1.958500   0.004751
  1.958000   0.004472
  1.957500   0.004305
  1.957000   0.004026
  1.956500   0.003762
  1.956000   0.003596
  1.955500   0.003488
  1.955000   0.003269
  1.954500   0.003070
  1.954000   0.002904
  1.953500   0.002780
  1.953000   0.002632
  1.952500   0.002515
  1.952000   0.002388
  1.951500   0.002232
  1.951000   0.002150
  1.950500   0.002064
  1.950000   0.001895
  1.949500   0.001841
  1.949000   0.001788
  1.948500   0.001704
  1.948000   0.001595
  1.947500   0.001535
  1.947000   0.001449
  1.946500   0.001379
  1.946000   0.001315
  1.945500   0.001258
  1.945000   0.001193
  1.944500   0.001108
  1.944000   0.001171
  1.943500   0.001030
  1.943000   0.001016
  1.942500   0.000974
  1.942000   0.000908
  1.941500   0.000903
  1.941000   0.000856
  1.940500   0.000784
  1.940000   0.000768
  1.939500   0.000730
  1.939000   0.000741
  1.938500   0.000714
  1.938000   0.000669
  1.937500   0.000598
  1.937000   0.000586
  1.936500   0.000550
  1.936000   0.000565
  1.935500   0.000548
  1.935000   0.000493
  1.934500   0.000486
  1.934000   0.000472
  1.933500   0.000488
  1.933000   0.000422
  1.932500   0.000400
  1.932000   0.000386
  1.931500   0.000329
  1.931000   0.000369
  1.930500   0.000374
  1.930000   0.000315
  1.929500   0.000326
  1.929000   0.000304
  1.928500   0.000322
  1.928000   0.000283
  1.927500   0.000304
  1.927000   0.000298
  1.926500   0.000252
  1.926000   0.000255
  1.925500   0.000205
  1.925000   0.000239
  1.924500   0.000212
  1.924000   0.000234
  1.923500   0.000204
  1.923000   0.000220
  1.922500   0.000184
  1.922000   0.000205
  1.921500   0.000170
  1.921000   0.000127
  1.920500   0.000161
  1.920000   0.000162
  1.919500   0.000121
  1.919000   0.000116
  1.918500   0.000136
  1.918000   0.000107
  1.917500   0.000138
  1.917000   0.000137
  1.916500   0.000174
  1.916000   0.000089
  1.915500   0.000095
  1.915000   0.000103
  1.914500   0.000104
  1.914000   0.000107
  1.913500   0.000093
  1.913000   0.000138
  1.912500   0.000102
  1.912000   0.000030
  1.911500   0.000077
  1.911000   0.000149
  1.910500   0.000074
  1.910000   0.000062
  1.909500   0.000054
  1.909000   0.000048
  1.908500   0.000076
  1.908000   0.000052
  1.907500   0.000071
  1.907000   0.000045
  1.906500   0.000055
  1.906000   0.000065
  1.905500   0.000073
  1.905000   0.000087
  1.904500   0.000029
  1.904000   0.000086
  1.903500   0.000064
  1.903000  -0.000005
  1.902500   0.000028
  1.902000   0.000046
  1.901500   0.000004
  1.901000   0.000036
  1.900500   0.000047
  1.900000   0.000022
  1.899500   0.000018
  1.899000   0.000035
  1.898500   0.000022
  1.898000   0.000058
  1.897500  -0.000004
  1.897000   0.000014
  1.896500  -0.000007
  1.896000   0.000024
