#       xZ     Ytp_tot
#
  0.899800   0.000000
  0.900050   0.000000
  0.900300   0.000000
  0.900550   0.000006
  0.900800   0.000010
  0.901050   0.000017
  0.901300   0.000013
  0.901550   0.000001
  0.901800   0.000005
  0.902050   0.000016
  0.902300   0.000011
  0.902550   0.000002
  0.902800   0.000001
  0.903050   0.000000
  0.903300   0.000000
  0.903550   0.000000
  0.903800   0.000004
  0.904050   0.000012
  0.904300   0.000007
  0.904550   0.000011
  0.904800   0.000015
  0.905050   0.000007
  0.905300   0.000009
  0.905550   0.000007
  0.905800   0.000000
  0.906050   0.000008
  0.906300   0.000022
  0.906550   0.000013
  0.906800   0.000000
  0.907050   0.000013
  0.907300   0.000016
  0.907550   0.000001
  0.907800   0.000004
  0.908050   0.000007
  0.908300   0.000000
  0.908550   0.000009
  0.908800   0.000035
  0.909050   0.000024
  0.909300   0.000000
  0.909550   0.000000
  0.909800   0.000000
  0.910050   0.000000
  0.910300   0.000000
  0.910550   0.000003
  0.910800   0.000000
  0.911050   0.000000
  0.911300   0.000000
  0.911550   0.000000
  0.911800   0.000000
  0.912050   0.000018
  0.912300   0.000021
  0.912550   0.000000
  0.912800   0.000000
  0.913050   0.000010
  0.913300   0.000006
  0.913550   0.000000
  0.913800   0.000001
  0.914050   0.000004
  0.914300   0.000000
  0.914550   0.000000
  0.914800   0.000038
  0.915050   0.000022
  0.915300   0.000000
  0.915550   0.000007
  0.915800   0.000000
  0.916050   0.000000
  0.916300   0.000005
  0.916550   0.000015
  0.916800   0.000000
  0.917050   0.000000
  0.917300   0.000026
  0.917550   0.000023
  0.917800   0.000015
  0.918050   0.000020
  0.918300   0.000000
  0.918550   0.000000
  0.918800   0.000000
  0.919050   0.000000
  0.919300   0.000000
  0.919550   0.000004
  0.919800   0.000025
  0.920050   0.000000
  0.920300   0.000000
  0.920550   0.000000
  0.920800   0.000000
  0.921050   0.000000
  0.921300   0.000008
  0.921550   0.000000
  0.921800   0.000000
  0.922050   0.000013
  0.922300   0.000022
  0.922550   0.000010
  0.922800   0.000019
  0.923050   0.000028
  0.923300   0.000007
  0.923550   0.000000
  0.923800   0.000000
  0.924050   0.000000
  0.924300   0.000000
  0.924550   0.000000
  0.924800   0.000007
  0.925050   0.000000
  0.925300   0.000000
  0.925550   0.000001
  0.925800   0.000006
  0.926050   0.000000
  0.926300   0.000009
  0.926550   0.000009
  0.926800   0.000000
  0.927050   0.000030
  0.927300   0.000039
  0.927550   0.000006
  0.927800   0.000007
  0.928050   0.000012
  0.928300   0.000000
  0.928550   0.000000
  0.928800   0.000000
  0.929050   0.000003
  0.929300   0.000000
  0.929550   0.000000
  0.929800   0.000000
  0.930050   0.000002
  0.930300   0.000003
  0.930550   0.000027
  0.930800   0.000009
  0.931050   0.000000
  0.931300   0.000046
  0.931550   0.000053
  0.931800   0.000000
  0.932050   0.000000
  0.932300   0.000031
  0.932550   0.000036
  0.932800   0.000035
  0.933050   0.000028
  0.933300   0.000000
  0.933550   0.000000
  0.933800   0.000031
  0.934050   0.000056
  0.934300   0.000016
  0.934550   0.000014
  0.934800   0.000049
  0.935050   0.000039
  0.935300   0.000017
  0.935550   0.000038
  0.935800   0.000033
  0.936050   0.000003
  0.936300   0.000036
  0.936550   0.000069
  0.936800   0.000038
  0.937050   0.000037
  0.937300   0.000063
  0.937550   0.000041
  0.937800   0.000017
  0.938050   0.000033
  0.938300   0.000033
  0.938550   0.000037
  0.938800   0.000075
  0.939050   0.000093
  0.939300   0.000096
  0.939550   0.000104
  0.939800   0.000080
  0.940050   0.000020
  0.940300   0.000019
  0.940550   0.000081
  0.940800   0.000085
  0.941050   0.000074
  0.941300   0.000085
  0.941550   0.000052
  0.941800   0.000040
  0.942050   0.000094
  0.942300   0.000117
  0.942550   0.000102
  0.942800   0.000107
  0.943050   0.000105
  0.943300   0.000092
  0.943550   0.000128
  0.943800   0.000185
  0.944050   0.000176
  0.944300   0.000144
  0.944550   0.000143
  0.944800   0.000130
  0.945050   0.000111
  0.945300   0.000148
  0.945550   0.000173
  0.945800   0.000143
  0.946050   0.000150
  0.946300   0.000173
  0.946550   0.000166
  0.946800   0.000210
  0.947050   0.000278
  0.947300   0.000262
  0.947550   0.000224
  0.947800   0.000241
  0.948050   0.000263
  0.948300   0.000256
  0.948550   0.000286
  0.948800   0.000359
  0.949050   0.000375
  0.949300   0.000383
  0.949550   0.000431
  0.949800   0.000430
  0.950050   0.000433
  0.950300   0.000495
  0.950550   0.000507
  0.950800   0.000484
  0.951050   0.000533
  0.951300   0.000557
  0.951550   0.000543
  0.951800   0.000656
  0.952050   0.000766
  0.952300   0.000733
  0.952550   0.000733
  0.952800   0.000795
  0.953050   0.000823
  0.953300   0.000857
  0.953550   0.000938
  0.953800   0.001019
  0.954050   0.001038
  0.954300   0.001078
  0.954550   0.001185
  0.954800   0.001265
  0.955050   0.001363
  0.955300   0.001499
  0.955550   0.001538
  0.955800   0.001541
  0.956050   0.001665
  0.956300   0.001812
  0.956550   0.001941
  0.956800   0.002149
  0.957050   0.002293
  0.957300   0.002362
  0.957550   0.002490
  0.957800   0.002664
  0.958050   0.002855
  0.958300   0.003061
  0.958550   0.003279
  0.958800   0.003470
  0.959050   0.003656
  0.959300   0.003930
  0.959550   0.004216
  0.959800   0.004460
  0.960050   0.004774
  0.960300   0.005137
  0.960550   0.005456
  0.960800   0.005798
  0.961050   0.006245
  0.961300   0.006724
  0.961550   0.007211
  0.961800   0.007781
  0.962050   0.008342
  0.962300   0.008854
  0.962550   0.009487
  0.962800   0.010180
  0.963050   0.010850
  0.963300   0.011635
  0.963550   0.012474
  0.963800   0.013322
  0.964050   0.014341
  0.964300   0.015433
  0.964550   0.016461
  0.964800   0.017620
  0.965050   0.018904
  0.965300   0.020202
  0.965550   0.021599
  0.965800   0.023169
  0.966050   0.024825
  0.966300   0.026480
  0.966550   0.028205
  0.966800   0.030108
  0.967050   0.032101
  0.967300   0.034205
  0.967550   0.036530
  0.967800   0.038987
  0.968050   0.041432
  0.968300   0.044085
  0.968550   0.046912
  0.968800   0.049767
  0.969050   0.052705
  0.969300   0.055822
  0.969550   0.058988
  0.969800   0.062259
  0.970050   0.065753
  0.970300   0.069356
  0.970550   0.073070
  0.970800   0.076916
  0.971050   0.080602
  0.971300   0.084282
  0.971550   0.088054
  0.971800   0.091939
  0.972050   0.095800
  0.972300   0.099654
  0.972550   0.103643
  0.972800   0.107626
  0.973050   0.111643
  0.973300   0.115593
  0.973550   0.119331
  0.973800   0.122894
  0.974050   0.126465
  0.974300   0.130003
  0.974550   0.133403
  0.974800   0.136703
  0.975050   0.139946
  0.975300   0.143107
  0.975550   0.146037
  0.975800   0.148924
  0.976050   0.151811
  0.976300   0.154546
  0.976550   0.157192
  0.976800   0.159856
  0.977050   0.162428
  0.977300   0.164821
  0.977550   0.167161
  0.977800   0.169339
  0.978050   0.171308
  0.978300   0.173331
  0.978550   0.175344
  0.978800   0.177164
  0.979050   0.178903
  0.979300   0.180627
  0.979550   0.182221
  0.979800   0.183616
  0.980050   0.184923
  0.980300   0.186443
  0.980550   0.188039
  0.980800   0.189477
  0.981050   0.190803
  0.981300   0.191944
  0.981550   0.192993
  0.981800   0.194043
  0.982050   0.195096
  0.982300   0.196221
  0.982550   0.197446
  0.982800   0.198794
  0.983050   0.199977
  0.983300   0.201064
  0.983550   0.202177
  0.983800   0.203146
  0.984050   0.203967
  0.984300   0.204911
  0.984550   0.205682
  0.984800   0.206277
  0.985050   0.207121
  0.985300   0.207964
  0.985550   0.208555
  0.985800   0.209144
  0.986050   0.210036
  0.986300   0.210776
  0.986550   0.211489
  0.986800   0.212511
  0.987050   0.213405
  0.987300   0.214119
  0.987550   0.214831
  0.987800   0.215491
  0.988050   0.215966
  0.988300   0.216623
  0.988550   0.217756
  0.988800   0.218706
  0.989050   0.219285
  0.989300   0.219915
  0.989550   0.220465
  0.989800   0.221041
  0.990050   0.221913
  0.990300   0.222841
  0.990550   0.223716
  0.990800   0.224784
  0.991050   0.225826
  0.991300   0.226651
  0.991550   0.227668
  0.991800   0.228771
  0.992050   0.229569
  0.992300   0.230310
  0.992550   0.231331
  0.992800   0.232297
  0.993050   0.233348
  0.993300   0.234796
  0.993550   0.236277
  0.993800   0.237418
  0.994050   0.238530
  0.994300   0.239816
  0.994550   0.240844
  0.994800   0.242045
  0.995050   0.243624
  0.995300   0.244740
  0.995550   0.245562
  0.995800   0.246852
  0.996050   0.248407
  0.996300   0.249816
  0.996550   0.251197
  0.996800   0.252429
  0.997050   0.253302
  0.997300   0.254291
  0.997550   0.255759
  0.997800   0.257378
  0.998050   0.258755
  0.998300   0.260193
  0.998550   0.261599
  0.998800   0.262608
  0.999050   0.263736
  0.999300   0.265136
  0.999550   0.266228
  0.999800   0.267223
  1.000050   0.268461
  1.000300   0.269542
  1.000550   0.270462
  1.000800   0.271597
  1.001050   0.272885
  1.001300   0.273982
  1.001550   0.274824
  1.001800   0.275819
  1.002050   0.276842
  1.002300   0.277671
  1.002550   0.278783
  1.002800   0.280243
  1.003050   0.281350
  1.003300   0.282101
  1.003550   0.283106
  1.003800   0.284141
  1.004050   0.285108
  1.004300   0.286170
  1.004550   0.287035
  1.004800   0.288027
  1.005050   0.289212
  1.005300   0.290201
  1.005550   0.290990
  1.005800   0.291580
  1.006050   0.291804
  1.006300   0.291956
  1.006550   0.292566
  1.006800   0.293373
  1.007050   0.294111
  1.007300   0.294913
  1.007550   0.295747
  1.007800   0.296412
  1.008050   0.296941
  1.008300   0.297467
  1.008550   0.298091
  1.008800   0.298815
  1.009050   0.299302
  1.009300   0.300023
  1.009550   0.300845
  1.009800   0.301700
  1.010050   0.302863
  1.010300   0.303787
  1.010550   0.304266
  1.010800   0.304777
  1.011050   0.305389
  1.011300   0.306069
  1.011550   0.306748
  1.011800   0.307495
  1.012050   0.308345
  1.012300   0.309263
  1.012550   0.310007
  1.012800   0.310505
  1.013050   0.311140
  1.013300   0.311984
  1.013550   0.312756
  1.013800   0.313421
  1.014050   0.314013
  1.014300   0.314744
  1.014550   0.315509
  1.014800   0.316201
  1.015050   0.316962
  1.015300   0.317471
  1.015550   0.317727
  1.015800   0.318086
  1.016050   0.318764
  1.016300   0.319547
  1.016550   0.320435
  1.016800   0.321682
  1.017050   0.322640
  1.017300   0.323161
  1.017550   0.323751
  1.017800   0.324301
  1.018050   0.324811
  1.018300   0.325499
  1.018550   0.326221
  1.018800   0.327122
  1.019050   0.328021
  1.019300   0.328512
  1.019550   0.329110
  1.019800   0.329852
  1.020050   0.330257
  1.020300   0.330621
  1.020550   0.331313
  1.020800   0.331741
  1.021050   0.332165
  1.021300   0.332584
  1.021550   0.332811
  1.021800   0.333369
  1.022050   0.334071
  1.022300   0.334433
  1.022550   0.334826
  1.022800   0.335214
  1.023050   0.335559
  1.023300   0.336200
  1.023550   0.336722
  1.023800   0.336674
  1.024050   0.336959
  1.024300   0.337351
  1.024550   0.337359
  1.024800   0.337549
  1.025050   0.337658
  1.025300   0.337531
  1.025550   0.337702
  1.025800   0.338172
  1.026050   0.338407
  1.026300   0.338673
  1.026550   0.338742
  1.026800   0.338344
  1.027050   0.338284
  1.027300   0.338485
  1.027550   0.338679
  1.027800   0.338829
  1.028050   0.338624
  1.028300   0.337987
  1.028550   0.337805
  1.028800   0.338119
  1.029050   0.337844
  1.029300   0.337446
  1.029550   0.337505
  1.029800   0.337479
  1.030050   0.337291
  1.030300   0.337017
  1.030550   0.336890
  1.030800   0.336601
  1.031050   0.336110
  1.031300   0.335846
  1.031550   0.335732
  1.031800   0.335455
  1.032050   0.335447
  1.032300   0.335511
  1.032550   0.335022
  1.032800   0.334605
  1.033050   0.334616
  1.033300   0.334307
  1.033550   0.333720
  1.033800   0.333363
  1.034050   0.333318
  1.034300   0.333466
  1.034550   0.333927
  1.034800   0.334267
  1.035050   0.333816
  1.035300   0.333361
  1.035550   0.333418
  1.035800   0.333513
  1.036050   0.333329
  1.036300   0.333382
  1.036550   0.333710
  1.036800   0.333642
  1.037050   0.333414
  1.037300   0.333781
  1.037550   0.334426
  1.037800   0.334992
  1.038050   0.335679
  1.038300   0.336328
  1.038550   0.336460
  1.038800   0.336793
  1.039050   0.337606
  1.039300   0.337782
  1.039550   0.337602
  1.039800   0.338062
  1.040050   0.338964
  1.040300   0.339711
  1.040550   0.340620
  1.040800   0.341612
  1.041050   0.342045
  1.041300   0.342361
  1.041550   0.343078
  1.041800   0.343878
  1.042050   0.344760
  1.042300   0.345764
  1.042550   0.346849
  1.042800   0.347371
  1.043050   0.347773
  1.043300   0.348779
  1.043550   0.349665
  1.043800   0.350388
  1.044050   0.351393
  1.044300   0.352115
  1.044550   0.352674
  1.044800   0.353392
  1.045050   0.354392
  1.045300   0.355067
  1.045550   0.355535
  1.045800   0.356569
  1.046050   0.357560
  1.046300   0.357572
  1.046550   0.357824
  1.046800   0.358804
  1.047050   0.359535
  1.047300   0.359896
  1.047550   0.360374
  1.047800   0.360560
  1.048050   0.360374
  1.048300   0.360875
  1.048550   0.361738
  1.048800   0.361982
  1.049050   0.362178
  1.049300   0.362612
  1.049550   0.362548
  1.049800   0.362066
  1.050050   0.361904
  1.050300   0.362143
  1.050550   0.362087
  1.050800   0.362105
  1.051050   0.362731
  1.051300   0.362857
  1.051550   0.362566
  1.051800   0.362596
  1.052050   0.362168
  1.052300   0.360994
  1.052550   0.360429
  1.052800   0.360474
  1.053050   0.360307
  1.053300   0.360381
  1.053550   0.360531
  1.053800   0.360060
  1.054050   0.359379
  1.054300   0.359062
  1.054550   0.358904
  1.054800   0.358373
  1.055050   0.358001
  1.055300   0.357830
  1.055550   0.357533
  1.055800   0.357313
  1.056050   0.357213
  1.056300   0.357028
  1.056550   0.356716
  1.056800   0.356648
  1.057050   0.356824
  1.057300   0.356627
  1.057550   0.356469
  1.057800   0.356472
  1.058050   0.356146
  1.058300   0.355941
  1.058550   0.356596
  1.058800   0.357085
  1.059050   0.356875
  1.059300   0.357280
  1.059550   0.358093
  1.059800   0.358250
  1.060050   0.358202
  1.060300   0.358644
  1.060550   0.359005
  1.060800   0.358872
  1.061050   0.359108
  1.061300   0.359506
  1.061550   0.359494
  1.061800   0.359767
  1.062050   0.360447
  1.062300   0.361044
  1.062550   0.361803
  1.062800   0.362723
  1.063050   0.363109
  1.063300   0.363124
  1.063550   0.363259
  1.063800   0.363310
  1.064050   0.363685
  1.064300   0.364302
  1.064550   0.364629
  1.064800   0.364422
  1.065050   0.364130
  1.065300   0.364406
  1.065550   0.364637
  1.065800   0.364619
  1.066050   0.364883
  1.066300   0.365183
  1.066550   0.365152
  1.066800   0.364871
  1.067050   0.364586
  1.067300   0.364174
  1.067550   0.363920
  1.067800   0.363865
  1.068050   0.363519
  1.068300   0.362720
  1.068550   0.362281
  1.068800   0.362081
  1.069050   0.361307
  1.069300   0.360283
  1.069550   0.359700
  1.069800   0.358867
  1.070050   0.357624
  1.070300   0.356941
  1.070550   0.356577
  1.070800   0.355520
  1.071050   0.354579
  1.071300   0.353997
  1.071550   0.353007
  1.071800   0.351730
  1.072050   0.350895
  1.072300   0.350056
  1.072550   0.348650
  1.072800   0.347646
  1.073050   0.346840
  1.073300   0.345631
  1.073550   0.344622
  1.073800   0.343853
  1.074050   0.342882
  1.074300   0.341911
  1.074550   0.341061
  1.074800   0.339770
  1.075050   0.338320
  1.075300   0.337432
  1.075550   0.336705
  1.075800   0.335580
  1.076050   0.334457
  1.076300   0.333895
  1.076550   0.333056
  1.076800   0.331981
  1.077050   0.331546
  1.077300   0.330994
  1.077550   0.330207
  1.077800   0.330019
  1.078050   0.330152
  1.078300   0.329733
  1.078550   0.329042
  1.078800   0.328632
  1.079050   0.328030
  1.079300   0.327591
  1.079550   0.327631
  1.079800   0.327559
  1.080050   0.327018
  1.080300   0.326800
  1.080550   0.327100
  1.080800   0.327247
  1.081050   0.327439
  1.081300   0.328108
  1.081550   0.328388
  1.081800   0.328396
  1.082050   0.328802
  1.082300   0.329173
  1.082550   0.329272
  1.082800   0.329689
  1.083050   0.330502
  1.083300   0.331003
  1.083550   0.331115
  1.083800   0.331661
  1.084050   0.332562
  1.084300   0.333072
  1.084550   0.333624
  1.084800   0.334138
  1.085050   0.334262
  1.085300   0.334662
  1.085550   0.335610
  1.085800   0.336128
  1.086050   0.336569
  1.086300   0.337439
  1.086550   0.337919
  1.086800   0.338086
  1.087050   0.338605
  1.087300   0.339239
  1.087550   0.339717
  1.087800   0.340193
  1.088050   0.340668
  1.088300   0.340713
  1.088550   0.340640
  1.088800   0.341071
  1.089050   0.341343
  1.089300   0.341380
  1.089550   0.341687
  1.089800   0.341835
  1.090050   0.341708
  1.090300   0.342005
  1.090550   0.342532
  1.090800   0.342512
  1.091050   0.342178
  1.091300   0.342151
  1.091550   0.341965
  1.091800   0.341389
  1.092050   0.341081
  1.092300   0.340770
  1.092550   0.340262
  1.092800   0.340138
  1.093050   0.340166
  1.093300   0.339493
  1.093550   0.338818
  1.093800   0.338526
  1.094050   0.338077
  1.094300   0.337662
  1.094550   0.337553
  1.094800   0.337324
  1.095050   0.336707
  1.095300   0.336163
  1.095550   0.335540
  1.095800   0.334336
  1.096050   0.333322
  1.096300   0.332766
  1.096550   0.331862
  1.096800   0.331146
  1.097050   0.330772
  1.097300   0.330126
  1.097550   0.329515
  1.097800   0.329016
  1.098050   0.328398
  1.098300   0.327624
  1.098550   0.327305
  1.098800   0.327135
  1.099050   0.326389
  1.099300   0.325640
  1.099550   0.325533
  1.099800   0.325385
  1.100050   0.325081
  1.100300   0.325114
  1.100550   0.325028
  1.100800   0.324673
  1.101050   0.324466
  1.101300   0.324445
  1.101550   0.324268
  1.101800   0.323635
  1.102050   0.322962
  1.102300   0.322776
  1.102550   0.322887
  1.102800   0.322808
  1.103050   0.322537
  1.103300   0.322301
  1.103550   0.322212
  1.103800   0.322271
  1.104050   0.322289
  1.104300   0.322454
  1.104550   0.322765
  1.104800   0.322663
  1.105050   0.322224
  1.105300   0.322304
  1.105550   0.322605
  1.105800   0.322643
  1.106050   0.322828
  1.106300   0.323308
  1.106550   0.323303
  1.106800   0.323371
  1.107050   0.323880
  1.107300   0.324129
  1.107550   0.324303
  1.107800   0.324880
  1.108050   0.325235
  1.108300   0.325073
  1.108550   0.325058
  1.108800   0.325299
  1.109050   0.325466
  1.109300   0.325669
  1.109550   0.326055
  1.109800   0.326147
  1.110050   0.326057
  1.110300   0.326113
  1.110550   0.326133
  1.110800   0.326080
  1.111050   0.326244
  1.111300   0.326408
  1.111550   0.326101
  1.111800   0.325575
  1.112050   0.325340
  1.112300   0.324779
  1.112550   0.324002
  1.112800   0.323550
  1.113050   0.323061
  1.113300   0.322321
  1.113550   0.321796
  1.113800   0.321127
  1.114050   0.320171
  1.114300   0.319430
  1.114550   0.318510
  1.114800   0.317017
  1.115050   0.315418
  1.115300   0.314070
  1.115550   0.312473
  1.115800   0.310663
  1.116050   0.308855
  1.116300   0.307012
  1.116550   0.304887
  1.116800   0.302515
  1.117050   0.300039
  1.117300   0.297247
  1.117550   0.294212
  1.117800   0.291039
  1.118050   0.287517
  1.118300   0.283859
  1.118550   0.280383
  1.118800   0.276560
  1.119050   0.272006
  1.119300   0.267424
  1.119550   0.262745
  1.119800   0.257550
  1.120050   0.252434
  1.120300   0.247223
  1.120550   0.241361
  1.120800   0.235371
  1.121050   0.229568
  1.121300   0.223465
  1.121550   0.217133
  1.121800   0.210988
  1.122050   0.204616
  1.122300   0.197811
  1.122550   0.191092
  1.122800   0.184733
  1.123050   0.178184
  1.123300   0.171378
  1.123550   0.164658
  1.123800   0.157957
  1.124050   0.151239
  1.124300   0.144880
  1.124550   0.138675
  1.124800   0.132351
  1.125050   0.126351
  1.125300   0.120604
  1.125550   0.114908
  1.125800   0.109195
  1.126050   0.103667
  1.126300   0.098459
  1.126550   0.093434
  1.126800   0.088658
  1.127050   0.084065
  1.127300   0.079619
  1.127550   0.075287
  1.127800   0.071335
  1.128050   0.067595
  1.128300   0.063899
  1.128550   0.060580
  1.128800   0.057470
  1.129050   0.054204
  1.129300   0.051015
  1.129550   0.048133
  1.129800   0.045523
  1.130050   0.042888
  1.130300   0.040426
  1.130550   0.038495
  1.130800   0.036570
  1.131050   0.034489
  1.131300   0.032707
  1.131550   0.031034
  1.131800   0.029096
  1.132050   0.027413
  1.132300   0.026010
  1.132550   0.024509
  1.132800   0.023144
  1.133050   0.021958
  1.133300   0.020718
  1.133550   0.019565
  1.133800   0.018665
  1.134050   0.017835
  1.134300   0.016779
  1.134550   0.015645
  1.134800   0.014815
  1.135050   0.014124
  1.135300   0.013429
  1.135550   0.012942
  1.135800   0.012343
  1.136050   0.011507
  1.136300   0.010900
  1.136550   0.010380
  1.136800   0.009743
  1.137050   0.009245
  1.137300   0.008892
  1.137550   0.008382
  1.137800   0.007766
  1.138050   0.007402
  1.138300   0.007157
  1.138550   0.006805
  1.138800   0.006509
  1.139050   0.006294
  1.139300   0.005897
  1.139550   0.005415
  1.139800   0.005179
  1.140050   0.004992
  1.140300   0.004773
  1.140550   0.004664
  1.140800   0.004461
  1.141050   0.004117
  1.141300   0.003907
  1.141550   0.003831
  1.141800   0.003652
  1.142050   0.003462
  1.142300   0.003402
  1.142550   0.003207
  1.142800   0.002915
  1.143050   0.002819
  1.143300   0.002695
  1.143550   0.002492
  1.143800   0.002464
  1.144050   0.002448
  1.144300   0.002292
  1.144550   0.002144
  1.144800   0.002128
  1.145050   0.002122
  1.145300   0.001953
  1.145550   0.001834
  1.145800   0.001843
  1.146050   0.001653
  1.146300   0.001461
  1.146550   0.001551
  1.146800   0.001584
  1.147050   0.001494
  1.147300   0.001445
  1.147550   0.001298
  1.147800   0.001107
  1.148050   0.001116
  1.148300   0.001210
  1.148550   0.001143
  1.148800   0.001010
  1.149050   0.000976
  1.149300   0.000921
  1.149550   0.000841
  1.149800   0.000916
  1.150050   0.000919
  1.150300   0.000771
  1.150550   0.000816
  1.150800   0.000862
  1.151050   0.000641
  1.151300   0.000562
  1.151550   0.000745
  1.151800   0.000770
  1.152050   0.000655
  1.152300   0.000648
  1.152550   0.000634
  1.152800   0.000523
  1.153050   0.000419
  1.153300   0.000449
  1.153550   0.000488
  1.153800   0.000400
  1.154050   0.000350
  1.154300   0.000348
  1.154550   0.000349
  1.154800   0.000448
  1.155050   0.000452
  1.155300   0.000328
  1.155550   0.000339
  1.155800   0.000391
  1.156050   0.000376
  1.156300   0.000410
  1.156550   0.000421
  1.156800   0.000289
  1.157050   0.000216
  1.157300   0.000354
  1.157550   0.000429
  1.157800   0.000266
  1.158050   0.000212
  1.158300   0.000363
  1.158550   0.000345
  1.158800   0.000239
  1.159050   0.000232
  1.159300   0.000183
  1.159550   0.000168
  1.159800   0.000288
  1.160050   0.000334
  1.160300   0.000191
  1.160550   0.000099
  1.160800   0.000178
  1.161050   0.000217
  1.161300   0.000210
  1.161550   0.000258
  1.161800   0.000210
  1.162050   0.000052
  1.162300   0.000042
  1.162550   0.000118
  1.162800   0.000115
  1.163050   0.000220
  1.163300   0.000324
  1.163550   0.000197
  1.163800   0.000112
  1.164050   0.000127
  1.164300   0.000058
  1.164550   0.000074
  1.164800   0.000177
  1.165050   0.000170
  1.165300   0.000173
  1.165550   0.000302
  1.165800   0.000337
  1.166050   0.000200
  1.166300   0.000128
  1.166550   0.000120
  1.166800   0.000013
  1.167050   0.000000
  1.167300   0.000092
  1.167550   0.000190
  1.167800   0.000095
  1.168050   0.000078
  1.168300   0.000088
  1.168550   0.000040
  1.168800   0.000102
  1.169050   0.000140
  1.169300   0.000038
  1.169550   0.000022
  1.169800   0.000145
  1.170050   0.000159
  1.170300   0.000139
  1.170550   0.000199
  1.170800   0.000155
  1.171050   0.000055
  1.171300   0.000083
  1.171550   0.000132
  1.171800   0.000087
  1.172050   0.000047
  1.172300   0.000056
  1.172550   0.000003
  1.172800   0.000000
  1.173050   0.000007
  1.173300   0.000060
  1.173550   0.000065
  1.173800   0.000172
  1.174050   0.000159
  1.174300   0.000050
  1.174550   0.000083
  1.174800   0.000097
  1.175050   0.000023
  1.175300   0.000074
  1.175550   0.000101
  1.175800   0.000000
  1.176050   0.000000
  1.176300   0.000101
  1.176550   0.000033
  1.176800   0.000000
  1.177050   0.000014
  1.177300   0.000047
  1.177550   0.000055
  1.177800   0.000121
  1.178050   0.000153
  1.178300   0.000081
  1.178550   0.000067
  1.178800   0.000171
  1.179050   0.000143
  1.179300   0.000046
  1.179550   0.000087
  1.179800   0.000092
  1.180050   0.000084
  1.180300   0.000141
  1.180550   0.000070
  1.180800   0.000000
  1.181050   0.000012
  1.181300   0.000064
  1.181550   0.000037
  1.181800   0.000027
  1.182050   0.000000
  1.182300   0.000000
  1.182550   0.000000
  1.182800   0.000000
  1.183050   0.000033
  1.183300   0.000000
  1.183550   0.000000
  1.183800   0.000000
  1.184050   0.000025
  1.184300   0.000130
  1.184550   0.000134
  1.184800   0.000000
  1.185050   0.000000
  1.185300   0.000000
  1.185550   0.000025
  1.185800   0.000021
  1.186050   0.000056
  1.186300   0.000000
  1.186550   0.000000
  1.186800   0.000000
  1.187050   0.000057
  1.187300   0.000103
  1.187550   0.000041
  1.187800   0.000000
  1.188050   0.000000
  1.188300   0.000000
  1.188550   0.000048
  1.188800   0.000001
  1.189050   0.000000
  1.189300   0.000037
  1.189550   0.000000
  1.189800   0.000000
  1.190050   0.000027
  1.190300   0.000102
  1.190550   0.000073
  1.190800   0.000012
  1.191050   0.000000
  1.191300   0.000000
  1.191550   0.000000
  1.191800   0.000075
  1.192050   0.000044
  1.192300   0.000000
  1.192550   0.000000
  1.192800   0.000022
  1.193050   0.000011
  1.193300   0.000012
  1.193550   0.000000
  1.193800   0.000000
  1.194050   0.000000
  1.194300   0.000020
  1.194550   0.000000
  1.194800   0.000000
  1.195050   0.000000
  1.195300   0.000004
  1.195550   0.000000
  1.195800   0.000025
  1.196050   0.000041
  1.196300   0.000033
  1.196550   0.000115
  1.196800   0.000081
  1.197050   0.000000
  1.197300   0.000000
  1.197550   0.000011
  1.197800   0.000001
  1.198050   0.000000
  1.198300   0.000000
  1.198550   0.000000
  1.198800   0.000000
  1.199050   0.000000
  1.199300   0.000000
  1.199550   0.000000
