#       xJ          yJ
#  
  0.899800   0.000037
  0.900050   0.000000
  0.900300   0.000000
  0.900550   0.000850
  0.900800   0.001318
  0.901050   0.002072
  0.901300   0.001534
  0.901550   0.000114
  0.901800   0.000578
  0.902050   0.001693
  0.902300   0.001120
  0.902550   0.000213
  0.902800   0.000067
  0.903050   0.000000
  0.903300   0.000000
  0.903550   0.000000
  0.903800   0.000366
  0.904050   0.000977
  0.904300   0.000552
  0.904550   0.000860
  0.904800   0.001107
  0.905050   0.000529
  0.905300   0.000624
  0.905550   0.000446
  0.905800   0.000000
  0.906050   0.000501
  0.906300   0.001366
  0.906550   0.000810
  0.906800   0.000000
  0.907050   0.000758
  0.907300   0.000894
  0.907550   0.000042
  0.907800   0.000228
  0.908050   0.000386
  0.908300   0.000000
  0.908550   0.000442
  0.908800   0.001735
  0.909050   0.001192
  0.909300   0.000000
  0.909550   0.000000
  0.909800   0.000000
  0.910050   0.000000
  0.910300   0.000000
  0.910550   0.000117
  0.910800   0.000000
  0.911050   0.000000
  0.911300   0.000000
  0.911550   0.000000
  0.911800   0.000000
  0.912050   0.000691
  0.912300   0.000818
  0.912550   0.000002
  0.912800   0.000000
  0.913050   0.000382
  0.913300   0.000205
  0.913550   0.000000
  0.913800   0.000035
  0.914050   0.000153
  0.914300   0.000000
  0.914550   0.000013
  0.914800   0.001262
  0.915050   0.000705
  0.915300   0.000000
  0.915550   0.000208
  0.915800   0.000000
  0.916050   0.000000
  0.916300   0.000155
  0.916550   0.000457
  0.916800   0.000000
  0.917050   0.000000
  0.917300   0.000743
  0.917550   0.000637
  0.917800   0.000407
  0.918050   0.000558
  0.918300   0.000000
  0.918550   0.000000
  0.918800   0.000000
  0.919050   0.000000
  0.919300   0.000000
  0.919550   0.000094
  0.919800   0.000633
  0.920050   0.000000
  0.920300   0.000000
  0.920550   0.000000
  0.920800   0.000000
  0.921050   0.000000
  0.921300   0.000191
  0.921550   0.000000
  0.921800   0.000000
  0.922050   0.000295
  0.922300   0.000497
  0.922550   0.000223
  0.922800   0.000404
  0.923050   0.000606
  0.923300   0.000157
  0.923550   0.000000
  0.923800   0.000000
  0.924050   0.000000
  0.924300   0.000000
  0.924550   0.000000
  0.924800   0.000140
  0.925050   0.000000
  0.925300   0.000000
  0.925550   0.000020
  0.925800   0.000112
  0.926050   0.000000
  0.926300   0.000177
  0.926550   0.000165
  0.926800   0.000000
  0.927050   0.000536
  0.927300   0.000704
  0.927550   0.000113
  0.927800   0.000130
  0.928050   0.000203
  0.928300   0.000000
  0.928550   0.000000
  0.928800   0.000000
  0.929050   0.000051
  0.929300   0.000000
  0.929550   0.000000
  0.929800   0.000000
  0.930050   0.000038
  0.930300   0.000050
  0.930550   0.000434
  0.930800   0.000145
  0.931050   0.000000
  0.931300   0.000717
  0.931550   0.000805
  0.931800   0.000000
  0.932050   0.000000
  0.932300   0.000455
  0.932550   0.000524
  0.932800   0.000511
  0.933050   0.000413
  0.933300   0.000000
  0.933550   0.000000
  0.933800   0.000436
  0.934050   0.000778
  0.934300   0.000227
  0.934550   0.000192
  0.934800   0.000676
  0.935050   0.000533
  0.935300   0.000233
  0.935550   0.000506
  0.935800   0.000431
  0.936050   0.000035
  0.936300   0.000474
  0.936550   0.000889
  0.936800   0.000490
  0.937050   0.000471
  0.937300   0.000794
  0.937550   0.000512
  0.937800   0.000216
  0.938050   0.000402
  0.938300   0.000406
  0.938550   0.000445
  0.938800   0.000900
  0.939050   0.001105
  0.939300   0.001138
  0.939550   0.001221
  0.939800   0.000927
  0.940050   0.000235
  0.940300   0.000217
  0.940550   0.000917
  0.940800   0.000959
  0.941050   0.000830
  0.941300   0.000948
  0.941550   0.000570
  0.941800   0.000438
  0.942050   0.001019
  0.942300   0.001260
  0.942550   0.001100
  0.942800   0.001138
  0.943050   0.001111
  0.943300   0.000969
  0.943550   0.001336
  0.943800   0.001912
  0.944050   0.001809
  0.944300   0.001476
  0.944550   0.001452
  0.944800   0.001311
  0.945050   0.001115
  0.945300   0.001470
  0.945550   0.001711
  0.945800   0.001399
  0.946050   0.001456
  0.946300   0.001676
  0.946550   0.001596
  0.946800   0.002001
  0.947050   0.002630
  0.947300   0.002464
  0.947550   0.002090
  0.947800   0.002238
  0.948050   0.002425
  0.948300   0.002346
  0.948550   0.002608
  0.948800   0.003248
  0.949050   0.003373
  0.949300   0.003420
  0.949550   0.003826
  0.949800   0.003791
  0.950050   0.003790
  0.950300   0.004310
  0.950550   0.004384
  0.950800   0.004162
  0.951050   0.004555
  0.951300   0.004731
  0.951550   0.004579
  0.951800   0.005494
  0.952050   0.006382
  0.952300   0.006065
  0.952550   0.006030
  0.952800   0.006500
  0.953050   0.006684
  0.953300   0.006918
  0.953550   0.007529
  0.953800   0.008130
  0.954050   0.008233
  0.954300   0.008499
  0.954550   0.009280
  0.954800   0.009854
  0.955050   0.010549
  0.955300   0.011533
  0.955550   0.011766
  0.955800   0.011713
  0.956050   0.012582
  0.956300   0.013610
  0.956550   0.014501
  0.956800   0.015953
  0.957050   0.016928
  0.957300   0.017331
  0.957550   0.018168
  0.957800   0.019324
  0.958050   0.020585
  0.958300   0.021942
  0.958550   0.023373
  0.958800   0.024592
  0.959050   0.025758
  0.959300   0.027528
  0.959550   0.029362
  0.959800   0.030888
  0.960050   0.032871
  0.960300   0.035171
  0.960550   0.037142
  0.960800   0.039241
  0.961050   0.042029
  0.961300   0.044997
  0.961550   0.047986
  0.961800   0.051484
  0.962050   0.054887
  0.962300   0.057929
  0.962550   0.061724
  0.962800   0.065868
  0.963050   0.069812
  0.963300   0.074444
  0.963550   0.079373
  0.963800   0.084302
  0.964050   0.090248
  0.964300   0.096587
  0.964550   0.102460
  0.964800   0.109074
  0.965050   0.116388
  0.965300   0.123702
  0.965550   0.131546
  0.965800   0.140344
  0.966050   0.149566
  0.966300   0.158682
  0.966550   0.168116
  0.966800   0.178504
  0.967050   0.189316
  0.967300   0.200658
  0.967550   0.213166
  0.967800   0.226310
  0.968050   0.239242
  0.968300   0.253234
  0.968550   0.268074
  0.968800   0.282914
  0.969050   0.298072
  0.969300   0.314078
  0.969550   0.330190
  0.969800   0.346726
  0.970050   0.364322
  0.970300   0.382342
  0.970550   0.400786
  0.970800   0.419760
  0.971050   0.437674
  0.971300   0.455376
  0.971550   0.473396
  0.971800   0.491840
  0.972050   0.509966
  0.972300   0.527880
  0.972550   0.546324
  0.972800   0.564556
  0.973050   0.582788
  0.973300   0.600490
  0.973550   0.616920
  0.973800   0.632290
  0.974050   0.647554
  0.974300   0.662500
  0.974550   0.676598
  0.974800   0.690060
  0.975050   0.703098
  0.975300   0.715606
  0.975550   0.726842
  0.975800   0.737760
  0.976050   0.748572
  0.976300   0.758536
  0.976550   0.767970
  0.976800   0.777404
  0.977050   0.786308
  0.977300   0.794258
  0.977550   0.801890
  0.977800   0.808674
  0.978050   0.814398
  0.978300   0.820334
  0.978550   0.826164
  0.978800   0.831040
  0.979050   0.835492
  0.979300   0.839838
  0.979550   0.843548
  0.979800   0.846304
  0.980050   0.848636
  0.980300   0.851922
  0.980550   0.855526
  0.980800   0.858388
  0.981050   0.860720
  0.981300   0.862204
  0.981550   0.863264
  0.981800   0.864324
  0.982050   0.865384
  0.982300   0.866762
  0.982550   0.868564
  0.982800   0.870896
  0.983050   0.872486
  0.983300   0.873652
  0.983550   0.874924
  0.983800   0.875560
  0.984050   0.875560
  0.984300   0.876090
  0.984550   0.875878
  0.984800   0.874924
  0.985050   0.875030
  0.985300   0.875136
  0.985550   0.874182
  0.985800   0.873228
  0.986050   0.873546
  0.986300   0.873228
  0.986550   0.872804
  0.986800   0.873652
  0.987050   0.873970
  0.987300   0.873546
  0.987550   0.873122
  0.987800   0.872486
  0.988050   0.871108
  0.988300   0.870472
  0.988550   0.871744
  0.988800   0.872274
  0.989050   0.871320
  0.989300   0.870578
  0.989550   0.869518
  0.989800   0.868564
  0.990050   0.868776
  0.990300   0.869200
  0.990550   0.869412
  0.990800   0.870366
  0.991050   0.871214
  0.991300   0.871214
  0.991550   0.871956
  0.991800   0.873016
  0.992050   0.872910
  0.992300   0.872592
  0.992550   0.873334
  0.992800   0.873864
  0.993050   0.874712
  0.993300   0.877044
  0.993550   0.879482
  0.993800   0.880648
  0.994050   0.881708
  0.994300   0.883404
  0.994550   0.884146
  0.994800   0.885524
  0.995050   0.888280
  0.995300   0.889340
  0.995550   0.889340
  0.995800   0.891036
  0.996050   0.893686
  0.996300   0.895806
  0.996550   0.897820
  0.996800   0.899304
  0.997050   0.899516
  0.997300   0.900152
  0.997550   0.902484
  0.997800   0.905346
  0.998050   0.907360
  0.998300   0.909586
  0.998550   0.911706
  0.998800   0.912448
  0.999050   0.913614
  0.999300   0.915734
  0.999550   0.916794
  0.999800   0.917536
  1.000050   0.919126
  1.000300   0.920186
  1.000550   0.920716
  1.000800   0.921988
  1.001050   0.923790
  1.001300   0.924956
  1.001550   0.925274
  1.001800   0.926122
  1.002050   0.927076
  1.002300   0.927394
  1.002550   0.928666
  1.002800   0.931104
  1.003050   0.932376
  1.003300   0.932482
  1.003550   0.933436
  1.003800   0.934496
  1.004050   0.935344
  1.004300   0.936510
  1.004550   0.937040
  1.004800   0.937994
  1.005050   0.939584
  1.005300   0.940538
  1.005550   0.940856
  1.005800   0.940538
  1.006050   0.939054
  1.006300   0.937358
  1.006550   0.937146
  1.006800   0.937570
  1.007050   0.937782
  1.007300   0.938206
  1.007550   0.938736
  1.007800   0.938736
  1.008050   0.938312
  1.008300   0.937888
  1.008550   0.937782
  1.008800   0.937994
  1.009050   0.937464
  1.009300   0.937676
  1.009550   0.938206
  1.009800   0.938842
  1.010050   0.940432
  1.010300   0.941280
  1.010550   0.940750
  1.010800   0.940326
  1.011050   0.940220
  1.011300   0.940326
  1.011550   0.940432
  1.011800   0.940750
  1.012050   0.941386
  1.012300   0.942234
  1.012550   0.942552
  1.012800   0.942128
  1.013050   0.942128
  1.013300   0.942764
  1.013550   0.943188
  1.013800   0.943294
  1.014050   0.943188
  1.014300   0.943506
  1.014550   0.943930
  1.014800   0.944142
  1.015050   0.944566
  1.015300   0.944248
  1.015550   0.943188
  1.015800   0.942446
  1.016050   0.942658
  1.016300   0.943188
  1.016550   0.944036
  1.016800   0.945944
  1.017050   0.947004
  1.017300   0.946792
  1.017550   0.946792
  1.017800   0.946686
  1.018050   0.946474
  1.018300   0.946792
  1.018550   0.947216
  1.018800   0.948170
  1.019050   0.949124
  1.019300   0.948912
  1.019550   0.949018
  1.019800   0.949548
  1.020050   0.949124
  1.020300   0.948594
  1.020550   0.949018
  1.020800   0.948700
  1.021050   0.948382
  1.021300   0.948064
  1.021550   0.947216
  1.021800   0.947322
  1.022050   0.947852
  1.022300   0.947428
  1.022550   0.947110
  1.022800   0.946792
  1.023050   0.946368
  1.023300   0.946792
  1.023550   0.946898
  1.023800   0.945414
  1.024050   0.944884
  1.024300   0.944672
  1.024550   0.943400
  1.024800   0.942658
  1.025050   0.941704
  1.025300   0.940114
  1.025550   0.939372
  1.025800   0.939478
  1.026050   0.938948
  1.026300   0.938524
  1.026550   0.937570
  1.026800   0.935344
  1.027050   0.934072
  1.027300   0.933542
  1.027550   0.933012
  1.027800   0.932376
  1.028050   0.930786
  1.028300   0.928030
  1.028550   0.926546
  1.028800   0.926440
  1.029050   0.924744
  1.029300   0.922730
  1.029550   0.921988
  1.029800   0.921034
  1.030050   0.919656
  1.030300   0.918066
  1.030550   0.916900
  1.030800   0.915310
  1.031050   0.913190
  1.031300   0.911706
  1.031550   0.910646
  1.031800   0.909162
  1.032050   0.908420
  1.032300   0.907890
  1.032550   0.905876
  1.032800   0.904074
  1.033050   0.903438
  1.033300   0.901954
  1.033550   0.899728
  1.033800   0.898138
  1.034050   0.897396
  1.034300   0.897184
  1.034550   0.897820
  1.034800   0.898138
  1.035050   0.896336
  1.035300   0.894534
  1.035550   0.894110
  1.035800   0.893792
  1.036050   0.892732
  1.036300   0.892308
  1.036550   0.892626
  1.036800   0.891884
  1.037050   0.890718
  1.037300   0.891142
  1.037550   0.892308
  1.037800   0.893262
  1.038050   0.894534
  1.038300   0.895700
  1.038550   0.895488
  1.038800   0.895806
  1.039050   0.897396
  1.039300   0.897290
  1.039550   0.896230
  1.039800   0.896866
  1.040050   0.898668
  1.040300   0.900046
  1.040550   0.901848
  1.040800   0.903862
  1.041050   0.904392
  1.041300   0.904604
  1.041550   0.905876
  1.041800   0.907360
  1.042050   0.909056
  1.042300   0.911070
  1.042550   0.913296
  1.042800   0.914038
  1.043050   0.914462
  1.043300   0.916476
  1.043550   0.918172
  1.043800   0.919444
  1.044050   0.921458
  1.044300   0.922730
  1.044550   0.923578
  1.044800   0.924850
  1.045050   0.926864
  1.045300   0.928030
  1.045550   0.928666
  1.045800   0.930786
  1.046050   0.932800
  1.046300   0.932270
  1.046550   0.932376
  1.046800   0.934390
  1.047050   0.935768
  1.047300   0.936192
  1.047550   0.936934
  1.047800   0.936934
  1.048050   0.935980
  1.048300   0.936828
  1.048550   0.938630
  1.048800   0.938842
  1.049050   0.938948
  1.049300   0.939690
  1.049550   0.939160
  1.049800   0.937570
  1.050050   0.936828
  1.050300   0.937146
  1.050550   0.936722
  1.050800   0.936510
  1.051050   0.937888
  1.051300   0.937994
  1.051550   0.937040
  1.051800   0.936934
  1.052050   0.935662
  1.052300   0.932482
  1.052550   0.930892
  1.052800   0.930892
  1.053050   0.930362
  1.053300   0.930468
  1.053550   0.930786
  1.053800   0.929514
  1.054050   0.927712
  1.054300   0.926864
  1.054550   0.926440
  1.054800   0.925062
  1.055050   0.924108
  1.055300   0.923684
  1.055550   0.922942
  1.055800   0.922412
  1.056050   0.922200
  1.056300   0.921776
  1.056550   0.921034
  1.056800   0.920928
  1.057050   0.921458
  1.057300   0.921034
  1.057550   0.920716
  1.057800   0.920822
  1.058050   0.920080
  1.058300   0.919656
  1.058550   0.921458
  1.058800   0.922836
  1.059050   0.922412
  1.059300   0.923578
  1.059550   0.925804
  1.059800   0.926334
  1.060050   0.926334
  1.060300   0.927606
  1.060550   0.928666
  1.060800   0.928454
  1.061050   0.929196
  1.061300   0.930362
  1.061550   0.930468
  1.061800   0.931316
  1.062050   0.933224
  1.062300   0.934920
  1.062550   0.937040
  1.062800   0.939584
  1.063050   0.940750
  1.063300   0.940962
  1.063550   0.941492
  1.063800   0.941810
  1.064050   0.942976
  1.064300   0.944778
  1.064550   0.945838
  1.064800   0.945520
  1.065050   0.944990
  1.065300   0.945944
  1.065550   0.946792
  1.065800   0.947004
  1.066050   0.947958
  1.066300   0.949018
  1.066550   0.949230
  1.066800   0.948806
  1.067050   0.948382
  1.067300   0.947640
  1.067550   0.947322
  1.067800   0.947534
  1.068050   0.947004
  1.068300   0.945308
  1.068550   0.944566
  1.068800   0.944460
  1.069050   0.942870
  1.069300   0.940644
  1.069550   0.939584
  1.069800   0.937888
  1.070050   0.935132
  1.070300   0.933860
  1.070550   0.933436
  1.070800   0.931210
  1.071050   0.929302
  1.071300   0.928348
  1.071550   0.926334
  1.071800   0.923578
  1.072050   0.921988
  1.072300   0.920398
  1.072550   0.917324
  1.072800   0.915310
  1.073050   0.913826
  1.073300   0.911282
  1.073550   0.909268
  1.073800   0.907890
  1.074050   0.905982
  1.074300   0.904074
  1.074550   0.902484
  1.074800   0.899728
  1.075050   0.896548
  1.075300   0.894852
  1.075550   0.893580
  1.075800   0.891248
  1.076050   0.888916
  1.076300   0.888068
  1.076550   0.886478
  1.076800   0.884252
  1.077050   0.883722
  1.077300   0.882874
  1.077550   0.881390
  1.077800   0.881496
  1.078050   0.882450
  1.078300   0.881920
  1.078550   0.880648
  1.078800   0.880118
  1.079050   0.879058
  1.079300   0.878422
  1.079550   0.879058
  1.079800   0.879376
  1.080050   0.878422
  1.080300   0.878316
  1.080550   0.879588
  1.080800   0.880436
  1.081050   0.881390
  1.081300   0.883616
  1.081550   0.884782
  1.081800   0.885206
  1.082050   0.886690
  1.082300   0.888068
  1.082550   0.888704
  1.082800   0.890188
  1.083050   0.892732
  1.083300   0.894428
  1.083550   0.895064
  1.083800   0.896866
  1.084050   0.899622
  1.084300   0.901318
  1.084550   0.903120
  1.084800   0.904816
  1.085050   0.905452
  1.085300   0.906830
  1.085550   0.909692
  1.085800   0.911388
  1.086050   0.912872
  1.086300   0.915522
  1.086550   0.917112
  1.086800   0.917854
  1.087050   0.919550
  1.087300   0.921564
  1.087550   0.923154
  1.087800   0.924744
  1.088050   0.926334
  1.088300   0.926758
  1.088550   0.926864
  1.088800   0.928348
  1.089050   0.929408
  1.089300   0.929832
  1.089550   0.930998
  1.089800   0.931740
  1.090050   0.931740
  1.090300   0.932906
  1.090550   0.934708
  1.090800   0.935026
  1.091050   0.934496
  1.091300   0.934814
  1.091550   0.934708
  1.091800   0.933542
  1.092050   0.933118
  1.092300   0.932694
  1.092550   0.931740
  1.092800   0.931846
  1.093050   0.932376
  1.093300   0.930998
  1.093550   0.929620
  1.093800   0.929302
  1.094050   0.928560
  1.094300   0.927924
  1.094550   0.928136
  1.094800   0.928030
  1.095050   0.926864
  1.095300   0.925910
  1.095550   0.924744
  1.095800   0.921988
  1.096050   0.919762
  1.096300   0.918808
  1.096550   0.916900
  1.096800   0.915522
  1.097050   0.915098
  1.097300   0.913932
  1.097550   0.912872
  1.097800   0.912130
  1.098050   0.911070
  1.098300   0.909586
  1.098550   0.909374
  1.098800   0.909586
  1.099050   0.908208
  1.099300   0.906830
  1.099550   0.907254
  1.099800   0.907572
  1.100050   0.907466
  1.100300   0.908314
  1.100550   0.908844
  1.100800   0.908632
  1.101050   0.908844
  1.101300   0.909586
  1.101550   0.909904
  1.101800   0.908950
  1.102050   0.907890
  1.102300   0.908208
  1.102550   0.909374
  1.102800   0.910010
  1.103050   0.910116
  1.103300   0.910328
  1.103550   0.910964
  1.103800   0.912024
  1.104050   0.912978
  1.104300   0.914356
  1.104550   0.916158
  1.104800   0.916794
  1.105050   0.916476
  1.105300   0.917642
  1.105550   0.919444
  1.105800   0.920504
  1.106050   0.921988
  1.106300   0.924320
  1.106550   0.925274
  1.106800   0.926440
  1.107050   0.928878
  1.107300   0.930574
  1.107550   0.932058
  1.107800   0.934708
  1.108050   0.936722
  1.108300   0.937252
  1.108550   0.938206
  1.108800   0.939902
  1.109050   0.941386
  1.109300   0.942976
  1.109550   0.945096
  1.109800   0.946368
  1.110050   0.947110
  1.110300   0.948276
  1.110550   0.949336
  1.110800   0.950184
  1.111050   0.951668
  1.111300   0.953152
  1.111550   0.953258
  1.111800   0.952728
  1.112050   0.953046
  1.112300   0.952410
  1.112550   0.951138
  1.112800   0.950820
  1.113050   0.950396
  1.113300   0.949230
  1.113550   0.948700
  1.113800   0.947746
  1.114050   0.945944
  1.114300   0.944778
  1.114550   0.943082
  1.114800   0.939690
  1.115050   0.935980
  1.115300   0.933012
  1.115550   0.929302
  1.115800   0.924956
  1.116050   0.920610
  1.116300   0.916158
  1.116550   0.910858
  1.116800   0.904816
  1.163300   0.901005
  1.163550   0.903525
  1.163800   0.907200
  1.164050   0.911925
  1.164300   0.916965
  1.164550   0.920010
  1.164800   0.921585
  1.165050   0.923790
  1.165300   0.927990
  1.165550   0.933555
  1.165800   0.938490
  1.166050   0.942900
  1.166300   0.946155
  1.166550   0.945945
  1.166800   0.943425
  1.167050   0.942270
  1.167300   0.942165
  1.167550   0.941850
  1.167800   0.942165
  1.168050   0.942585
  1.168300   0.943635
  1.168550   0.946365
  1.168800   0.949305
  1.169050   0.951405
  1.169300   0.954135
  1.169550   0.958650
  1.169800   0.960645
  1.170050   0.959175
  1.170300   0.957705
  1.170550   0.956760
  1.170800   0.957075
  1.171050   0.958335
  1.171300   0.959070
  1.171550   0.959595
  1.171800   0.961170
  1.172050   0.964215
  1.172300   0.965580
  1.172550   0.963690
  1.172800   0.961800
  1.173050   0.960855
  1.173300   0.958965
  1.173550   0.956025
  1.173800   0.955185
  1.174050   0.955395
  1.174300   0.954450
  1.174550   0.955500
  1.174800   0.958440
  1.175050   0.960645
  1.175300   0.963900
  1.175550   0.966735
  1.175800   0.966210
  1.176050   0.964740
  1.176300   0.965055
  1.176550   0.966630
  1.176800   0.967365
  1.177050   0.968205
  1.177300   0.970725
  1.177550   0.971460
  1.177800   0.968730
  1.178050   0.966735
  1.178300   0.968310
  1.178550   0.971145
  1.178800   0.973140
  1.179050   0.974925
  1.179300   0.976500
  1.179550   0.976710
  1.179800   0.976395
  1.180050   0.974820
  1.180300   0.971040
  1.180550   0.968415
  1.180800   0.968625
  1.181050   0.968205
  1.181300   0.966105
  1.181550   0.965055
  1.181800   0.965790
  1.182050   0.966000
  1.182300   0.965790
  1.182550   0.965055
  1.182800   0.962430
  1.183050   0.959910
  1.183300   0.959385
  1.183550   0.959595
  1.183800   0.958230
  1.184050   0.956550
  1.184300   0.957180
  1.184550   0.958755
  1.184800   0.960015
  1.185050   0.960960
  1.185300   0.961380
  1.185550   0.961695
  1.185800   0.962850
  1.186050   0.964740
  1.186300   0.964845
  1.186550   0.963270
  1.186800   0.961275
  1.187050   0.958860
  1.187300   0.958020
  1.187550   0.957915
  1.187800   0.957810
  1.188050   0.959280
  1.188300   0.961170
  1.188550   0.962010
  1.188800   0.961485
  1.189050   0.960330
  1.189300   0.960750
  1.189550   0.962955
  1.189800   0.965265
  1.190050   0.966840
  1.190300   0.967995
  1.190550   0.968310
  1.190800   0.968205
  1.191050   0.969150
  1.191300   0.970410
  1.191550   0.970620
  1.191800   0.969150
  1.192050   0.966315
  1.192300   0.964530
  1.192550   0.966315
  1.192800   0.969150
  1.193050   0.971355
  1.193300   0.972615
  1.193550   0.970305
  1.193800   0.965580
  1.194050   0.961065
  1.194300   0.956445
  1.194550   0.952245
  1.194800   0.948990
  1.195050   0.947835
  1.195300   0.947415
  1.195550   0.945945
  1.195800   0.945210
  1.196050   0.946680
  1.196300   0.948885
  1.196550   0.949725
  1.196800   0.949725
  1.197050   0.948465
  1.197300   0.944895
  1.197550   0.942375
  1.197800   0.941220
  1.198050   0.939435
  1.198300   0.937335
  1.198550   0.935970
  1.198800   0.935550
  1.199050   0.935025
  1.199300   0.934920
  1.199550   0.933765
  1.199800   0.930930
  1.200050   0.930300
  1.200300   0.932190
  1.200550   0.932610
  1.200800   0.931245
  1.201050   0.930510
  1.201300   0.929460
  1.201550   0.925575
  1.201800   0.921795
  1.202050   0.920220
  1.202300   0.919170
  1.202550   0.919170
  1.202800   0.921375
  1.203050   0.923055
  1.203300   0.922950
  1.203550   0.922320
  1.203800   0.921270
  1.204050   0.919380
  1.204300   0.916125
  1.204550   0.913500
  1.204800   0.912345
  1.205050   0.911190
  1.205300   0.910140
  1.205550   0.910560
  1.205800   0.912870
  1.206050   0.915495
  1.206300   0.918855
  1.206550   0.922110
  1.206800   0.923790
  1.207050   0.926310
  1.207300   0.928725
  1.207550   0.928620
  1.207800   0.927360
  1.208050   0.925995
  1.208300   0.925470
  1.208550   0.925260
  1.208800   0.924630
  1.209050   0.922005
  1.209300   0.918225
  1.209550   0.916860
  1.209800   0.918330
  1.210050   0.921585
  1.210300   0.925365
  1.210550   0.928620
  1.210800   0.930090
  1.211050   0.929250
  1.211300   0.926730
  1.211550   0.924210
  1.211800   0.924945
  1.212050   0.927360
  1.212300   0.928935
  1.212550   0.930405
  1.212800   0.930090
  1.213050   0.927570
  1.213300   0.925995
  1.213550   0.926835
  1.213800   0.929040
  1.214050   0.932085
  1.214300   0.936495
  1.214550   0.941115
  1.214800   0.943740
  1.215050   0.944790
  1.215300   0.945945
  1.215550   0.946260
  1.215800   0.947520
  1.216050   0.949725
  1.216300   0.948360
  1.216550   0.943530
  1.216800   0.940380
  1.217050   0.941220
  1.217300   0.943845
  1.217550   0.947835
  1.217800   0.953400
  1.218050   0.956865
  1.218300   0.956865
  1.218550   0.955395
  1.218800   0.953820
  1.219050   0.952770
  1.219300   0.953505
  1.219550   0.955500
  1.219800   0.955920
  1.220050   0.956760
  1.220300   0.960120
  1.220550   0.963375
  1.220800   0.964635
  1.221050   0.965580
  1.221300   0.969150
  1.221550   0.973350
  1.221800   0.976290
  1.222050   0.978390
  1.222300   0.978705
  1.222550   0.978495
  1.222800   0.979755
  1.223050   0.982485
  1.223300   0.985320
  1.223550   0.986475
  1.223800   0.984270
  1.224050   0.979650
  1.224300   0.975030
  1.224550   0.972720
  1.224800   0.973560
  1.225050   0.976290
  1.225300   0.977655
  1.225550   0.975975
  1.225800   0.973560
  1.226050   0.971775
  1.226300   0.970725
  1.226550   0.970620
  1.226800   0.971145
  1.227050   0.970305
  1.227300   0.968205
  1.227550   0.967680
  1.227800   0.967470
  1.228050   0.967155
  1.228300   0.969045
  1.228550   0.970515
  1.228800   0.969465
  1.229050   0.968100
  1.229300   0.967575
  1.229550   0.966945
  1.229800   0.965580
  1.230050   0.965895
  1.230300   0.965895
  1.230550   0.964215
  1.230800   0.964110
  1.231050   0.965160
  1.231300   0.966525
  1.231550   0.968100
  1.231800   0.969255
  1.232050   0.967995
  1.232300   0.964845
  1.232550   0.964320
  1.232800   0.965790
  1.233050   0.967785
  1.233300   0.970515
  1.233550   0.973035
  1.233800   0.973350
  1.234050   0.972090
  1.234300   0.970620
  1.234550   0.968415
  1.234800   0.966840
  1.235050   0.966735
  1.235300   0.967575
  1.235550   0.969150
  1.235800   0.970095
  1.236050   0.969780
  1.236300   0.968310
  1.236550   0.965790
  1.236800   0.963690
  1.237050   0.963690
  1.237300   0.965895
  1.237550   0.968310
  1.237800   0.969570
  1.238050   0.971670
  1.238300   0.972720
  1.238550   0.970200
  1.238800   0.967680
  1.239050   0.966630
  1.239300   0.965370
  1.239550   0.964740
  1.239800   0.965685
  1.240050   0.966420
  1.240300   0.965370
  1.240550   0.965370
  1.240800   0.965580
  1.241050   0.962955
  1.241300   0.960435
  1.241550   0.961695
  1.241800   0.964320
  1.242050   0.966105
  1.242300   0.968205
  1.242550   0.968310
  1.242800   0.966105
  1.243050   0.965055
  1.243300   0.965055
  1.243550   0.964530
  1.243800   0.962745
  1.244050   0.961065
  1.244300   0.960435
  1.244550   0.961275
  1.244800   0.962430
  1.245050   0.960645
  1.245300   0.956760
  1.245550   0.955185
  1.245800   0.956340
  1.246050   0.956970
  1.246300   0.956550
  1.246550   0.956340
  1.246800   0.954240
  1.247050   0.951615
  1.247300   0.951090
  1.247550   0.949725
  1.247800   0.945945
  1.248050   0.943110
  1.248300   0.941430
  1.248550   0.937860
  1.248800   0.933450
  1.249050   0.931350
  1.249300   0.930615
  1.249550   0.930615
  1.249800   0.930720
  1.250050   0.928200
  1.250300   0.924315
  1.250550   0.921480
  1.250800   0.918855
  1.251050   0.915810
  1.251300   0.913815
  1.251550   0.912765
  1.251800   0.911505
  1.252050   0.911610
  1.252300   0.913185
  1.252550   0.912765
  1.252800   0.910560
  1.253050   0.907725
  1.253300   0.903945
  1.253550   0.899640
  1.253800   0.895335
  1.254050   0.892290
  1.254300   0.889980
  1.254550   0.887145
  1.254800   0.884310
  1.255050   0.883680
  1.255300   0.883890
  1.255550   0.885675
  1.255800   0.889350
  1.256050   0.891765
  1.256300   0.890715
  1.256550   0.885885
  1.256800   0.881475
  1.257050   0.880845
  1.257300   0.882420
  1.257550   0.886200
  1.257800   0.890085
  1.258050   0.892290
  1.258300   0.894495
  1.258550   0.895755
  1.258800   0.895335
  1.259050   0.894390
  1.259300   0.893760
  1.259550   0.892815
  1.259800   0.891450
  1.260050   0.891660
  1.260300   0.891555
  1.260550   0.888930
  1.260800   0.886830
  1.261050   0.885885
  1.261300   0.884835
  1.261550   0.884835
  1.261800   0.887145
  1.262050   0.889035
  1.262300   0.890190
  1.262550   0.892815
  1.262800   0.895755
  1.263050   0.897015
  1.263300   0.898170
  1.263550   0.900375
  1.263800   0.901005
  1.264050   0.900165
  1.264300   0.901320
  1.264550   0.903840
  1.264800   0.906360
  1.265050   0.908250
  1.265300   0.908880
  1.265550   0.908985
  1.265800   0.911295
  1.266050   0.915075
  1.266300   0.916230
  1.266550   0.915915
  1.266800   0.916125
  1.267050   0.915390
  1.267300   0.914445
  1.267550   0.914655
  1.267800   0.915705
  1.268050   0.916755
  1.268300   0.918750
  1.268550   0.921900
  1.268800   0.925050
  1.269050   0.928410
  1.269300   0.931560
  1.269550   0.934920
  1.269800   0.939225
  1.270050   0.943215
  1.270300   0.945840
  1.270550   0.946575
  1.270800   0.946260
  1.271050   0.948360
  1.271300   0.952665
  1.271550   0.956025
  1.271800   0.958335
  1.272050   0.961380
  1.272300   0.964425
  1.272550   0.966525
  1.272800   0.968310
  1.273050   0.970725
  1.273300   0.971880
  1.273550   0.971670
  1.273800   0.973140
  1.274050   0.975660
  1.274300   0.978285
  1.274550   0.980280
  1.274800   0.979440
  1.275050   0.977865
  1.275300   0.977760
  1.275550   0.976605
  1.275800   0.974610
  1.276050   0.974190
  1.276300   0.974295
  1.276550   0.973035
  1.276800   0.972930
  1.277050   0.974610
  1.277300   0.974820
  1.277550   0.973245
  1.277800   0.970935
  1.278050   0.967050
  1.278300   0.961905
  1.278550   0.957810
  1.278800   0.953610
  1.279050   0.949725
  1.279300   0.949200
  1.279550   0.950670
  1.279800   0.952035
  1.280050   0.953190
  1.280300   0.953400
  1.280550   0.950355
  1.280800   0.944895
  1.281050   0.938700
  1.281300   0.932400
  1.281550   0.929040
  1.281800   0.929565
  1.282050   0.930615
  1.282300   0.930930
  1.282550   0.930930
  1.282800   0.929565
  1.283050   0.926940
  1.283300   0.925470
  1.283550   0.925050
  1.283800   0.923265
  1.284050   0.920220
  1.284300   0.917070
  1.284550   0.912870
  1.284800   0.907515
  1.285050   0.903420
  1.285300   0.902685
  1.285550   0.903210
  1.285800   0.902895
  1.286050   0.902475
  1.286300   0.902790
  1.286550   0.902265
  1.286800   0.900270
  1.287050   0.897015
  1.287300   0.894810
  1.287550   0.897015
  1.287800   0.900900
  1.288050   0.902370
  1.288300   0.900375
  1.288550   0.897330
  1.288800   0.896385
  1.289050   0.898065
  1.289300   0.902265
  1.289550   0.905205
  1.289800   0.903105
  1.290050   0.897225
  1.290300   0.891135
  1.290550   0.885885
  1.290800   0.882630
  1.291050   0.883260
  1.291300   0.884625
  1.291550   0.885465
  1.291800   0.887565
  1.292050   0.890085
  1.292300   0.891135
  1.292550   0.891765
  1.292800   0.892395
  1.293050   0.889455
  1.293300   0.883785
  1.293550   0.880005
  1.293800   0.878640
  1.294050   0.879900
  1.294300   0.882000
  1.294550   0.882630
  1.294800   0.883470
  1.295050   0.886515
  1.295300   0.890295
  1.295550   0.892395
  1.295800   0.895650
  1.296050   0.898695
  1.296300   0.897750
  1.296550   0.896595
  1.296800   0.898170
  1.297050   0.901425
  1.297300   0.905940
  1.297550   0.912660
  1.297800   0.918960
  1.298050   0.923055
  1.298300   0.926310
  1.298550   0.928200
  1.298800   0.927570
  1.299050   0.926100
  1.299300   0.925575
  1.299550   0.926625
  1.299800   0.930090
  1.300050   0.932085
  1.300300   0.931350
  1.300550   0.930720
  1.300800   0.929565
  1.301050   0.927990
  1.301300   0.929565
  1.301550   0.934500
  1.301800   0.939435
  1.302050   0.942480
  1.302300   0.944055
  1.302550   0.944055
  1.302800   0.943635
  1.303050   0.943530
  1.303300   0.943950
  1.303550   0.945630
  1.303800   0.947415
  1.304050   0.949515
  1.304300   0.952350
  1.304550   0.954450
  1.304800   0.955185
  1.305050   0.955815
  1.305300   0.957705
  1.305550   0.960330
  1.305800   0.963060
  1.306050   0.965055
  1.306300   0.966000
  1.306550   0.967680
  1.306800   0.970620
  1.307050   0.971565
  1.307300   0.970620
  1.307550   0.970935
  1.307800   0.971355
  1.308050   0.971670
  1.308300   0.972720
  1.308550   0.975240
  1.308800   0.980490
  1.309050   0.987840
  1.309300   0.993510
  1.309550   0.994875
  1.309800   0.995295
  1.310050   0.995610
  1.310300   0.994980
  1.310550   0.995610
  1.310800   0.997080
  1.311050   0.996345
  1.311300   0.995400
  1.311550   0.995610
  1.311800   0.994560
  1.312050   0.993300
  1.312300   0.993195
  1.312550   0.992040
  1.312800   0.990045
  1.313050   0.990045
  1.313300   0.990465
  1.313550   0.988995
  1.313800   0.986685
  1.314050   0.983325
  1.314300   0.979335
  1.314550   0.976605
  1.314800   0.974400
  1.315050   0.971355
  1.315300   0.970095
  1.315550   0.971880
  1.315800   0.972615
  1.316050   0.971670
  1.316300   0.971040
  1.316550   0.969990
  1.316800   0.971040
  1.317050   0.974925
  1.317300   0.978390
  1.317550   0.979650
  1.317800   0.980490
  1.318050   0.980280
  1.318300   0.977970
  1.318550   0.975450
  1.318800   0.972300
  1.319050   0.968625
  1.319300   0.966525
  1.319550   0.966630
  1.319800   0.968415
  1.320050   0.971985
  1.320300   0.974085
  1.320550   0.973140
  1.320800   0.971040
  1.321050   0.967575
  1.321300   0.965055
  1.321550   0.965895
  1.321800   0.968310
  1.322050   0.969360
  1.322300   0.968940
  1.322550   0.968625
  1.322800   0.968310
  1.323050   0.966525
  1.323300   0.964215
  1.323550   0.962850
  1.323800   0.961485
  1.324050   0.960225
  1.324300   0.959490
  1.324550   0.959595
  1.324800   0.960540
  1.325050   0.961695
  1.325300   0.962535
  1.325550   0.961905
  1.325800   0.960855
  1.326050   0.960645
  1.326300   0.959280
  1.326550   0.958335
  1.326800   0.959385
  1.327050   0.961695
  1.327300   0.963795
  1.327550   0.964425
  1.327800   0.964845
  1.328050   0.965160
  1.328300   0.966315
  1.328550   0.969150
  1.328800   0.971145
  1.329050   0.972090
  1.329300   0.973140
  1.329550   0.971355
  1.329800   0.968520
  1.330050   0.968100
  1.330300   0.968205
  1.330550   0.969360
  1.330800   0.971775
  1.331050   0.972300
  1.331300   0.970410
  1.331550   0.969360
  1.331800   0.970305
  1.332050   0.971460
  1.332300   0.972510
  1.332550   0.972195
  1.332800   0.971880
  1.333050   0.975345
  1.333300   0.981120
  1.333550   0.984165
  1.333800   0.985215
  1.334050   0.985950
  1.334300   0.985845
  1.334550   0.985740
  1.334800   0.985005
  1.335050   0.983115
  1.335300   0.982380
  1.335550   0.983955
  1.335800   0.986265
  1.336050   0.989205
  1.336300   0.992355
  1.336550   0.992145
  1.336800   0.989310
  1.337050   0.988155
  1.337300   0.988890
  1.337550   0.989940
  1.337800   0.990675
  1.338050   0.991305
  1.338300   0.991095
  1.338550   0.989625
  1.338800   0.987105
  1.339050   0.984585
  1.339300   0.982170
  1.339550   0.979650
  1.339800   0.975975
  1.340050   0.973770
  1.340300   0.975345
  1.340550   0.977970
  1.340800   0.980385
  1.341050   0.982695
  1.341300   0.983850
  1.341550   0.982695
  1.341800   0.980175
  1.342050   0.976920
  1.342300   0.971565
  1.342550   0.963480
  1.342800   0.956865
  1.343050   0.953505
  1.343300   0.950355
  1.343550   0.947940
  1.343800   0.945000
  1.344050   0.939015
  1.344300   0.933135
  1.344550   0.927255
  1.344800   0.918015
  1.345050   0.908565
  1.345300   0.900900
  1.345550   0.891555
  1.345800   0.881790
  1.346050   0.874020
  1.346300   0.864990
  1.346550   0.854910
  1.346800   0.845145
  1.347050   0.832545
  1.347300   0.818475
  1.347550   0.806295
  1.347800   0.793170
  1.348050   0.778260
  1.348300   0.762930
  1.348550   0.747075
  1.348800   0.730590
  1.349050   0.713580
  1.349300   0.695940
  1.349550   0.677355
  1.349800   0.658980
  1.350050   0.639765
  1.350300   0.619815
  1.350550   0.600390
  1.350800   0.581175
  1.351050   0.561540
  1.351300   0.542010
  1.351550   0.523950
  1.351800   0.506205
  1.352050   0.486675
  1.352300   0.468825
  1.352550   0.453810
  1.352800   0.437955
  1.353050   0.421260
  1.353300   0.404250
  1.353550   0.388185
  1.353800   0.374115
  1.354050   0.361200
  1.354300   0.346815
  1.354550   0.330330
  1.354800   0.315315
  1.355050   0.303660
  1.355300   0.290430
  1.355550   0.274365
  1.355800   0.262815
  1.356050   0.253575
  1.356300   0.244020
  1.356550   0.232050
  1.356800   0.218505
  1.357050   0.208635
  1.357300   0.199605
  1.357550   0.191205
  1.357800   0.184065
  1.358050   0.174930
  1.358300   0.165375
  1.358550   0.158655
  1.358800   0.153300
  1.359050   0.144690
  1.359300   0.136080
  1.359550   0.130515
  1.359800   0.124740
  1.360050   0.119385
  1.360300   0.114765
  1.360550   0.108780
  1.360800   0.103131
  1.361050   0.098920
  1.361300   0.093849
  1.361550   0.088021
  1.361800   0.083632
  1.362050   0.080335
  1.362300   0.076682
  1.362550   0.073258
  1.362800   0.070434
  1.363050   0.067630
  1.363300   0.064596
  1.363550   0.061887
  1.363800   0.060196
  1.364050   0.057466
  1.364300   0.052962
  1.364550   0.050809
  1.364800   0.049298
  1.365050   0.046253
  1.365300   0.044362
  1.365550   0.043554
  1.365800   0.041443
  1.366050   0.038745
  1.366300   0.036792
  1.366550   0.035301
  1.366800   0.033736
  1.367050   0.032938
  1.367300   0.032182
  1.367550   0.029694
  1.367800   0.028014
  1.368050   0.027468
  1.368300   0.026334
  1.368550   0.025557
  1.368800   0.024906
  1.369050   0.023394
  1.369300   0.021945
  1.369550   0.021630
  1.369800   0.021231
  1.370050   0.019855
  1.370300   0.018532
  1.370550   0.017777
  1.370800   0.016905
  1.371050   0.016485
  1.371300   0.016611
  1.371550   0.016096
  1.371800   0.015036
  1.372050   0.014616
  1.372300   0.013702
  1.372550   0.011917
  1.372800   0.011644
  1.373050   0.012568
  1.373300   0.012127
  1.373550   0.010867
  1.373800   0.010441
  1.374050   0.010574
  1.374300   0.010009
  1.374550   0.009996
  1.374800   0.010531
  1.375050   0.008910
  1.375300   0.007474
  1.375550   0.007940
  1.375800   0.007517
  1.376050   0.007597
  1.376300   0.008979
  1.376550   0.008597
  1.376800   0.006661
  1.377050   0.006124
  1.377300   0.006394
  1.377550   0.006053
  1.377800   0.005997
  1.378050   0.006438
  1.378300   0.005506
  1.378550   0.003930
  1.378800   0.004444
  1.379050   0.005879
  1.379300   0.005925
  1.379550   0.005253
  1.379800   0.004539
  1.380050   0.002248
  1.380300   0.000742
  1.380550   0.003248
  1.380800   0.004146
  1.381050   0.003829
  1.381300   0.004699
  1.381550   0.004362
  1.381800   0.002477
  1.382050   0.001846
  1.382300   0.003865
  1.382550   0.004422
  1.382800   0.003746
  1.383050   0.004080
  1.383300   0.003002
  1.383550   0.000727
  1.383800   0.001869
  1.384050   0.003796
  1.384300   0.003359
  1.384550   0.001960
  1.384800   0.001258
  1.385050   0.000727
  1.385300   0.000682
  1.385550   0.002193
  1.385800   0.002554
  1.386050   0.000690
  1.386300   0.000023
  1.386550   0.000354
  1.386800   0.000408
  1.387050   0.001256
  1.387300   0.002251
  1.387550   0.001616
  1.387800   0.001108
  1.388050   0.001451
  1.388300   0.001285
  1.388550   0.001767
  1.388800   0.003048
  1.389050   0.002745
  1.389300   0.000917
  1.389550   0.000639
  1.389800   0.001643
  1.390050   0.001854
  1.390300   0.002255
  1.390550   0.002163
  1.390800   0.000270
  1.391050   0.000000
  1.391300   0.000418
  1.391550   0.001188
  1.391800   0.002004
  1.392050   0.002633
  1.392300   0.001356
  1.392550   0.000000
  1.392800   0.000515
  1.393050   0.002311
  1.393300   0.001914
  1.393550   0.001072
  1.393800   0.001014
  1.394050   0.000175
  1.394300   0.000000
  1.394550   0.001214
  1.394800   0.002224
  1.395050   0.000848
  1.395300   0.000000
  1.395550   0.000000
  1.395800   0.000000
  1.396050   0.000672
  1.396300   0.001589
  1.396550   0.000435
  1.396800   0.000000
  1.397050   0.000619
  1.397300   0.001512
  1.397550   0.001617
  1.397800   0.001750
  1.398050   0.001708
  1.398300   0.000779
  1.398550   0.000921
  1.398800   0.002358
  1.399050   0.002123
  1.399300   0.001003
  1.399550   0.001003
  1.399800   0.000837
  1.400050   0.000693
  1.400300   0.001772
  1.400550   0.001994
  1.400800   0.000528
  1.401050   0.000000
  1.401300   0.000612
  1.401550   0.000643
  1.401800   0.000844
  1.402050   0.001486
  1.402300   0.000801
  1.402550   0.000009
  1.402800   0.000577
  1.403050   0.000841
  1.403300   0.000345
  1.403550   0.000741
  1.403800   0.000818
  1.404050   0.000000
  1.404300   0.000000
  1.404550   0.000754
  1.404800   0.000312
  1.405050   0.000370
  1.405300   0.000193
  1.405550   0.000000
  1.405800   0.000000
  1.406050   0.000521
  1.406300   0.000823
  1.406550   0.000619
  1.406800   0.000915
  1.407050   0.000614
  1.407300   0.000000
  1.407550   0.000000
  1.407800   0.000468
  1.408050   0.000266
  1.408300   0.000593
  1.408550   0.000782
  1.408800   0.000000
  1.409050   0.000416
  1.409300   0.001236
  1.409550   0.000790
  1.409800   0.000262
  1.410050   0.000143
  1.410300   0.000101
  1.410550   0.000631
  1.410800   0.001847
  1.411050   0.001362
  1.411300   0.000000
  1.411550   0.000000
  1.411800   0.000677
  1.412050   0.000951
  1.412300   0.001123
  1.412550   0.000551
  1.412800   0.000000
  1.413050   0.000000
  1.413300   0.000566
  1.413550   0.001435
  1.413800   0.001084
  1.414050   0.001316
  1.414300   0.000943
  1.414550   0.000182
  1.414800   0.000942
  1.415050   0.001392
  1.415300   0.001007
  1.415550   0.001057
  1.415800   0.000518
  1.416050   0.000000
  1.416300   0.000532
  1.416550   0.001258
  1.416800   0.001018
  1.417050   0.000761
  1.417300   0.000900
  1.417550   0.000569
  1.417800   0.000058
  1.418050   0.000443
  1.418300   0.000281
  1.418550   0.000000
  1.418800   0.000253
  1.419050   0.000983
  1.419300   0.000652
  1.419550   0.001058
  1.419800   0.000870
  1.420050   0.000000
  1.420300   0.000000
  1.420550   0.000846
  1.420800   0.000852
  1.421050   0.000291
  1.421300   0.000666
  1.421550   0.000295
  1.421800   0.000000
  1.422050   0.000691
  1.422300   0.001117
  1.422550   0.000910
  1.422800   0.001076
  1.423050   0.000819
  1.423300   0.000162
  1.423550   0.000735
  1.423800   0.001721
  1.424050   0.000988
  1.424300   0.000276
  1.424550   0.000326
  1.424800   0.000000
  1.425050   0.000000
  1.425300   0.000887
  1.425550   0.000615
  1.425800   0.000134
  1.426050   0.000000
  1.426300   0.000166
  1.426550   0.000653
  1.426800   0.001149
  1.427050   0.000772
  1.427300   0.000000
  1.427550   0.000000
  1.427800   0.000356
  1.428050   0.000333
  1.428300   0.000457
  1.428550   0.000592
  1.428800   0.000054
  1.429050   0.000086
  1.429300   0.001096
  1.429550   0.001294
  1.429800   0.000772
  1.430050   0.001103
  1.430300   0.000479
  1.430550   0.000000
  1.430800   0.000000
  1.431050   0.000718
  1.431300   0.000289
  1.431550   0.000066
  1.431800   0.000000
  1.432050   0.000000
  1.432300   0.000615
  1.432550   0.000795
  1.432800   0.000015
  1.433050   0.000000
  1.433300   0.000467
  1.433550   0.000906
  1.433800   0.001008
  1.434050   0.000992
  1.434300   0.000017
  1.434550   0.000049
  1.434800   0.000600
  1.435050   0.000079
  1.435300   0.000000
  1.435550   0.000000
  1.435800   0.000000
  1.436050   0.000000
  1.436300   0.000000
  1.436550   0.000324
  1.436800   0.000114
  1.437050   0.000059
  1.437300   0.000000
  1.437550   0.000000
  1.437800   0.000625
  1.438050   0.000934
  1.438300   0.000110
  1.438550   0.000364
  1.438800   0.000721
  1.439050   0.000378
  1.439300   0.000474
  1.439550   0.000671
  1.439800   0.000008
  1.440050   0.000000
  1.440300   0.000000
  1.440550   0.000000
  1.440800   0.000000
  1.441050   0.000723
  1.441300   0.000122
  1.441550   0.000000
  1.441800   0.000000
  1.442050   0.000181
  1.442300   0.000595
  1.442550   0.001022
  1.442800   0.000296
  1.443050   0.000000
  1.443300   0.000008
  1.443550   0.000741
  1.443800   0.000267
  1.444050   0.000032
  1.444300   0.000000
  1.444550   0.000000
  1.444800   0.000095
  1.445050   0.000910
  1.445300   0.000410
  1.445550   0.000000
  1.445800   0.000000
  1.446050   0.000000
  1.446300   0.000000
  1.446550   0.000633
  1.446800   0.000244
  1.447050   0.000211
  1.447300   0.000000
  1.447550   0.000000
  1.447800   0.000000
  1.448050   0.000345
  1.448300   0.000000
  1.448550   0.000000
  1.448800   0.000450
  1.449050   0.000024
  1.449300   0.000245
  1.449550   0.001396
  1.449800   0.000580
