#       xH          yH
#
  1.907500   0.000044
  1.907000   0.000029
  1.906500   0.000037
  1.906000   0.000033
  1.905500   0.000065
  1.905000   0.000092
  1.904500   0.000108
  1.904000   0.000093
  1.903500   0.000078
  1.903000   0.000153
  1.902500   0.000099
  1.902000   0.000149
  1.901500   0.000109
  1.901000   0.000062
  1.900500   0.000128
  1.900000   0.000109
  1.899500   0.000123
  1.899000   0.000084
  1.898500   0.000121
  1.898000   0.000150
  1.897500   0.000114
  1.897000   0.000103
  1.896500   0.000167
  1.896000   0.000090
  1.895500   0.000207
  1.895000   0.000204
  1.894500   0.000159
  1.894000   0.000186
  1.893500   0.000236
  1.893000   0.000164
  1.892500   0.000203
  1.892000   0.000169
  1.891500   0.000225
  1.891000   0.000238
  1.890500   0.000184
  1.890000   0.000219
  1.889500   0.000337
  1.889000   0.000273
  1.888500   0.000227
  1.888000   0.000271
  1.887500   0.000288
  1.887000   0.000243
  1.886500   0.000216
  1.886000   0.000279
  1.885500   0.000330
  1.885000   0.000313
  1.884500   0.000306
  1.884000   0.000273
  1.883500   0.000321
  1.883000   0.000328
  1.882500   0.000349
  1.882000   0.000343
  1.881500   0.000343
  1.881000   0.000347
  1.880500   0.000454
  1.880000   0.000335
  1.879500   0.000458
  1.879000   0.000466
  1.878500   0.000465
  1.878000   0.000445
  1.877500   0.000403
  1.877000   0.000573
  1.876500   0.000451
  1.876000   0.000587
  1.875500   0.000502
  1.875000   0.000579
  1.874500   0.000608
  1.874000   0.000654
  1.873500   0.000664
  1.873000   0.000687
  1.872500   0.000671
  1.872000   0.000729
  1.871500   0.000698
  1.871000   0.000775
  1.870500   0.000851
  1.870000   0.000882
  1.869500   0.000856
  1.869000   0.000842
  1.868500   0.000863
  1.868000   0.000956
  1.867500   0.001056
  1.867000   0.001077
  1.866500   0.001097
  1.866000   0.001213
  1.865500   0.001169
  1.865000   0.001150
  1.864500   0.001221
  1.864000   0.001298
  1.863500   0.001349
  1.863000   0.001390
  1.862500   0.001460
  1.862000   0.001499
  1.861500   0.001587
  1.861000   0.001632
  1.860500   0.001637
  1.860000   0.001770
  1.859500   0.001807
  1.859000   0.001945
  1.858500   0.002004
  1.858000   0.002048
  1.857500   0.002086
  1.857000   0.002220
  1.856500   0.002368
  1.856000   0.002469
  1.855500   0.002517
  1.855000   0.002568
  1.854500   0.002709
  1.854000   0.002834
  1.853500   0.002854
  1.853000   0.003061
  1.852500   0.003239
  1.852000   0.003380
  1.851500   0.003581
  1.851000   0.003744
  1.850500   0.003867
  1.850000   0.004023
  1.849500   0.004254
  1.849000   0.004394
  1.848500   0.004614
  1.848000   0.004864
  1.847500   0.005060
  1.847000   0.005216
  1.846500   0.005493
  1.846000   0.005795
  1.845500   0.006124
  1.845000   0.006466
  1.844500   0.006770
  1.844000   0.007099
  1.843500   0.007555
  1.843000   0.007931
  1.842500   0.008262
  1.842000   0.008563
  1.841500   0.008993
  1.841000   0.009378
  1.840500   0.009889
  1.840000   0.010417
  1.839500   0.011031
  1.839000   0.011596
  1.838500   0.012265
  1.838000   0.012974
  1.837500   0.013645
  1.837000   0.014396
  1.836500   0.015123
  1.836000   0.015922
  1.835500   0.016722
  1.835000   0.017613
  1.834500   0.018682
  1.834000   0.019876
  1.833500   0.021081
  1.833000   0.022504
  1.832500   0.023759
  1.832000   0.025169
  1.831500   0.026706
  1.831000   0.028234
  1.830500   0.029769
  1.830000   0.031597
  1.829500   0.033395
  1.829000   0.035522
  1.828500   0.037778
  1.828000   0.040191
  1.827500   0.042771
  1.827000   0.045654
  1.826500   0.048620
  1.826000   0.051488
  1.825500   0.054565
  1.825000   0.057968
  1.824500   0.061756
  1.824000   0.065928
  1.823500   0.070707
  1.823000   0.075620
  1.822500   0.080519
  1.822000   0.085889
  1.821500   0.090924
  1.821000   0.096448
  1.820500   0.102433
  1.820000   0.108894
  1.819500   0.116057
  1.819000   0.124233
  1.818500   0.132880
  1.818000   0.141914
  1.817500   0.152493
  1.817000   0.162476
  1.816500   0.172830
  1.816000   0.183910
  1.815500   0.195104
  1.815000   0.206644
  1.814500   0.219356
  1.814000   0.233711
  1.813500   0.248095
  1.813000   0.263919
  1.812500   0.280499
  1.812000   0.296425
  1.811500   0.314397
  1.811000   0.332217
  1.810500   0.351035
  1.810000   0.371749
  1.809500   0.392296
  1.809000   0.413778
  1.808500   0.434902
  1.808000   0.457613
  1.807500   0.480009
  1.807000   0.502502
  1.806500   0.524374
  1.806000   0.546158
  1.805500   0.568447
  1.805000   0.590779
  1.804500   0.612787
  1.804000   0.634302
  1.803500   0.656883
  1.803000   0.678105
  1.802500   0.698313
  1.802000   0.719361
  1.801500   0.738098
  1.801000   0.756131
  1.800500   0.774092
  1.800000   0.791530
  1.799500   0.808820
  1.799000   0.824679
  1.798500   0.841044
  1.798000   0.854803
  1.797500   0.867481
  1.797000   0.880495
  1.796500   0.892199
  1.796000   0.903156
  1.795500   0.912926
  1.795000   0.922064
  1.794500   0.930255
  1.794000   0.938228
  1.793500   0.945159
  1.793000   0.951458
  1.792500   0.957025
  1.792000   0.961709
  1.791500   0.966221
  1.791000   0.970035
  1.790500   0.973558
  1.790000   0.976546
  1.789500   0.978989
  1.789000   0.981213
  1.788500   0.982674
  1.788000   0.984327
  1.787500   0.985587
  1.787000   0.986327
  1.786500   0.987037
  1.786000   0.987107
  1.785500   0.987312
  1.785000   0.987499
  1.784500   0.987102
  1.784000   0.987030
  1.783500   0.986402
  1.783000   0.985658
  1.782500   0.985057
  1.782000   0.984443
  1.781500   0.983572
  1.781000   0.982640
  1.780500   0.981712
  1.780000   0.980785
  1.779500   0.979803
  1.779000   0.978665
  1.778500   0.977540
  1.778000   0.976543
  1.777500   0.975294
  1.777000   0.974242
  1.776500   0.973108
  1.776000   0.972149
  1.775500   0.971045
  1.775000   0.970081
  1.774500   0.968973
  1.774000   0.967935
  1.773500   0.967073
  1.773000   0.966259
  1.772500   0.965243
  1.772000   0.964354
  1.771500   0.963632
  1.771000   0.962738
  1.770500   0.961940
  1.770000   0.961414
  1.769500   0.960557
  1.769000   0.960054
  1.768500   0.959362
  1.768000   0.958771
  1.767500   0.958110
  1.767000   0.957541
  1.766500   0.957252
  1.766000   0.956634
  1.765500   0.956347
  1.765000   0.956117
  1.764500   0.955654
  1.764000   0.955571
  1.763500   0.955204
  1.763000   0.955123
  1.762500   0.954956
  1.762000   0.954863
  1.761500   0.954823
  1.761000   0.954601
  1.760500   0.954716
  1.760000   0.954692
  1.759500   0.954775
  1.759000   0.954960
  1.758500   0.954950
  1.758000   0.954938
  1.757500   0.954963
  1.757000   0.955214
  1.756500   0.955426
  1.756000   0.955597
  1.755500   0.955816
  1.755000   0.956090
  1.754500   0.956440
  1.754000   0.956639
  1.753500   0.956705
  1.753000   0.957106
  1.752500   0.957475
  1.752000   0.957676
  1.751500   0.957928
  1.751000   0.958271
  1.750500   0.958446
  1.750000   0.958807
  1.749500   0.959124
  1.749000   0.959500
  1.748500   0.959782
  1.748000   0.960087
  1.747500   0.960428
  1.747000   0.960764
  1.746500   0.960963
  1.746000   0.961360
  1.745500   0.961690
  1.745000   0.961918
  1.744500   0.962491
  1.744000   0.962796
  1.743500   0.963014
  1.743000   0.963370
  1.742500   0.963661
  1.742000   0.964048
  1.741500   0.964547
  1.741000   0.964736
  1.740500   0.965141
  1.740000   0.965351
  1.739500   0.965853
  1.739000   0.966152
  1.738500   0.966597
  1.738000   0.966817
  1.737500   0.967277
  1.737000   0.967656
  1.736500   0.968117
  1.736000   0.968491
  1.735500   0.968790
  1.735000   0.968989
  1.734500   0.969217
  1.734000   0.969762
  1.733500   0.970383
  1.733000   0.970794
  1.732500   0.971443
  1.732000   0.971596
  1.731500   0.972014
  1.731000   0.972419
  1.730500   0.972872
  1.730000   0.973536
  1.729500   0.973995
  1.729000   0.974271
  1.728500   0.974825
  1.728000   0.975458
  1.727500   0.976031
  1.727000   0.976516
  1.726500   0.977113
  1.726000   0.977607
  1.725500   0.978164
  1.725000   0.978651
  1.724500   0.979262
  1.724000   0.979764
  1.723500   0.980421
  1.723000   0.980955
  1.722500   0.981753
  1.722000   0.982124
  1.721500   0.982663
  1.721000   0.983193
  1.720500   0.983943
  1.720000   0.984347
  1.719500   0.984898
  1.719000   0.985397
  1.718500   0.985833
  1.718000   0.986567
  1.717500   0.986952
  1.717000   0.987497
  1.716500   0.987786
  1.716000   0.988441
  1.715500   0.988862
  1.715000   0.989229
  1.714500   0.989550
  1.714000   0.989993
  1.713500   0.990417
  1.713000   0.990586
  1.712500   0.991073
  1.712000   0.991296
  1.711500   0.991583
  1.711000   0.991659
  1.710500   0.991960
  1.710000   0.992226
  1.709500   0.992335
  1.709000   0.992536
  1.708500   0.992670
  1.708000   0.992734
  1.707500   0.992956
  1.707000   0.992933
  1.706500   0.993023
  1.706000   0.992992
  1.705500   0.992949
  1.705000   0.993073
  1.704500   0.992950
  1.704000   0.992777
  1.703500   0.992856
  1.703000   0.992683
  1.702500   0.992592
  1.702000   0.992422
  1.701500   0.992281
  1.701000   0.992251
  1.700500   0.992034
  1.700000   0.991762
  1.699500   0.991482
  1.699000   0.991164
  1.698500   0.990974
  1.698000   0.990949
  1.697500   0.990498
  1.697000   0.990349
  1.696500   0.990072
  1.696000   0.990049
  1.695500   0.989742
  1.695000   0.989548
  1.694500   0.989183
  1.694000   0.988951
  1.693500   0.988761
  1.693000   0.988542
  1.692500   0.988222
  1.692000   0.987996
  1.691500   0.988063
  1.691000   0.987797
  1.690500   0.987473
  1.690000   0.987434
  1.689500   0.987264
  1.689000   0.987168
  1.688500   0.986971
  1.688000   0.986918
  1.687500   0.986727
  1.687000   0.986684
  1.686500   0.986635
  1.686000   0.986608
  1.685500   0.986568
  1.685000   0.986727
  1.684500   0.986512
  1.684000   0.986529
  1.683500   0.986610
  1.683000   0.986661
  1.682500   0.986582
  1.682000   0.986788
  1.681500   0.986882
  1.681000   0.986890
  1.680500   0.986984
  1.680000   0.987184
  1.679500   0.987319
  1.679000   0.987299
  1.678500   0.987261
  1.678000   0.987507
  1.677500   0.987475
  1.677000   0.987803
  1.676500   0.987854
  1.676000   0.987900
  1.675500   0.988259
  1.675000   0.988313
  1.674500   0.988397
  1.674000   0.988580
  1.673500   0.988655
  1.673000   0.988795
  1.672500   0.988725
  1.672000   0.988911
  1.671500   0.988959
  1.671000   0.989036
  1.670500   0.989100
  1.670000   0.989200
  1.669500   0.989175
  1.669000   0.989117
  1.668500   0.989197
  1.668000   0.989134
  1.667500   0.989163
  1.667000   0.989042
  1.666500   0.989135
  1.666000   0.989040
  1.665500   0.989009
  1.665000   0.988868
  1.664500   0.989068
  1.664000   0.988959
  1.663500   0.988744
  1.663000   0.988651
  1.662500   0.988393
  1.662000   0.988555
  1.661500   0.988283
  1.661000   0.987991
  1.660500   0.988036
  1.660000   0.987953
  1.659500   0.987794
  1.659000   0.987571
  1.658500   0.987349
  1.658000   0.987243
  1.657500   0.987121
  1.657000   0.986910
  1.656500   0.986995
  1.656000   0.986935
  1.655500   0.986870
  1.655000   0.986835
  1.654500   0.986572
  1.654000   0.986724
  1.653500   0.986656
  1.653000   0.986394
  1.652500   0.986425
  1.652000   0.986450
  1.651500   0.986535
  1.651000   0.986623
  1.650500   0.986562
  1.650000   0.986571
  1.649500   0.986812
  1.649000   0.987069
  1.648500   0.986958
  1.648000   0.987244
  1.647500   0.987604
  1.647000   0.987348
  1.646500   0.987710
  1.646000   0.987970
  1.645500   0.988227
  1.645000   0.988593
  1.644500   0.988737
  1.644000   0.989022
  1.643500   0.989503
  1.643000   0.989507
  1.642500   0.989768
  1.642000   0.990123
  1.641500   0.990360
  1.641000   0.990818
  1.640500   0.990968
  1.640000   0.991238
  1.639500   0.991547
  1.639000   0.991724
  1.638500   0.991983
  1.638000   0.991946
  1.637500   0.992356
  1.637000   0.992366
  1.636500   0.992521
  1.636000   0.992821
  1.635500   0.993006
  1.635000   0.992891
  1.634500   0.992977
  1.634000   0.992839
  1.633500   0.992929
  1.633000   0.992844
  1.632500   0.992763
  1.632000   0.992634
  1.631500   0.992336
  1.631000   0.992119
  1.630500   0.992035
  1.630000   0.991686
  1.629500   0.991409
  1.629000   0.991219
  1.628500   0.990901
  1.628000   0.990579
  1.627500   0.989987
  1.627000   0.989580
  1.626500   0.989167
  1.626000   0.988712
  1.625500   0.988265
  1.625000   0.987798
  1.624500   0.987423
  1.624000   0.986764
  1.623500   0.986327
  1.623000   0.985894
  1.622500   0.985326
  1.622000   0.984708
  1.621500   0.984127
  1.621000   0.983593
  1.620500   0.983206
  1.620000   0.982585
  1.619500   0.982246
  1.619000   0.981603
  1.618500   0.981241
  1.618000   0.980807
  1.617500   0.980397
  1.617000   0.979983
  1.616500   0.979663
  1.616000   0.979380
  1.615500   0.978997
  1.615000   0.978650
  1.614500   0.978407
  1.614000   0.978218
  1.613500   0.977875
  1.613000   0.977945
  1.612500   0.977816
  1.612000   0.977457
  1.611500   0.977448
  1.611000   0.977334
  1.610500   0.977284
  1.610000   0.977361
  1.609500   0.977363
  1.609000   0.977432
  1.608500   0.977491
  1.608000   0.977539
  1.607500   0.977569
  1.607000   0.977608
  1.606500   0.977842
  1.606000   0.977876
  1.605500   0.978030
  1.605000   0.978208
  1.604500   0.978426
  1.604000   0.978507
  1.603500   0.978892
  1.603000   0.978875
  1.602500   0.979171
  1.602000   0.979301
  1.601500   0.979336
  1.601000   0.979623
  1.600500   0.979803
  1.600000   0.979879
  1.599500   0.980087
  1.599000   0.980190
  1.598500   0.980292
  1.598000   0.980611
  1.597500   0.980779
  1.597000   0.980691
  1.596500   0.980886
  1.596000   0.980648
  1.595500   0.980949
  1.595000   0.981160
  1.594500   0.981067
  1.594000   0.981175
  1.593500   0.981058
  1.593000   0.981111
  1.592500   0.980987
  1.592000   0.981071
  1.591500   0.980864
  1.591000   0.980939
  1.590500   0.980877
  1.590000   0.980728
  1.589500   0.980696
  1.589000   0.980563
  1.588500   0.980568
  1.588000   0.980476
  1.587500   0.980509
  1.587000   0.980376
  1.586500   0.980157
  1.586000   0.980143
  1.585500   0.979869
  1.585000   0.979808
  1.584500   0.979849
  1.584000   0.979832
  1.583500   0.979884
  1.583000   0.979563
  1.582500   0.979545
  1.582000   0.979517
  1.581500   0.979315
  1.581000   0.979194
  1.580500   0.979176
  1.580000   0.979121
  1.579500   0.978828
  1.579000   0.979025
  1.578500   0.978812
  1.578000   0.978765
  1.577500   0.978707
  1.577000   0.978802
  1.576500   0.978646
  1.576000   0.978418
  1.575500   0.978283
  1.575000   0.978173
  1.574500   0.978067
  1.574000   0.977752
  1.573500   0.977888
  1.573000   0.977695
  1.572500   0.977506
  1.572000   0.977408
  1.571500   0.977261
  1.571000   0.977204
  1.570500   0.976872
  1.570000   0.976671
  1.569500   0.976358
  1.569000   0.976520
  1.568500   0.976254
  1.568000   0.976101
  1.567500   0.975984
  1.567000   0.975753
  1.566500   0.975628
  1.566000   0.975555
  1.565500   0.975233
  1.565000   0.975197
  1.564500   0.975060
  1.564000   0.974820
  1.563500   0.974950
  1.563000   0.974944
  1.562500   0.974730
  1.562000   0.974669
  1.561500   0.974707
  1.561000   0.974819
  1.560500   0.974718
  1.560000   0.974585
  1.559500   0.975050
  1.559000   0.975199
  1.558500   0.975347
  1.558000   0.975512
  1.557500   0.975562
  1.557000   0.975911
  1.556500   0.976398
  1.556000   0.976451
  1.555500   0.976948
  1.555000   0.977107
  1.554500   0.977761
  1.554000   0.978035
  1.553500   0.978749
  1.553000   0.979072
  1.552500   0.979645
  1.552000   0.980134
  1.551500   0.980751
  1.551000   0.981166
  1.550500   0.981745
  1.550000   0.982470
  1.549500   0.982900
  1.549000   0.983403
  1.548500   0.984060
  1.548000   0.984527
  1.547500   0.985011
  1.547000   0.985492
  1.546500   0.985744
  1.546000   0.986169
  1.545500   0.986475
  1.545000   0.986723
  1.544500   0.986936
  1.544000   0.986903
  1.543500   0.987092
  1.543000   0.986977
  1.542500   0.986954
  1.542000   0.986969
  1.541500   0.986695
  1.541000   0.986333
  1.540500   0.985950
  1.540000   0.985712
  1.539500   0.985283
  1.539000   0.984613
  1.538500   0.983884
  1.538000   0.983219
  1.537500   0.982562
  1.537000   0.981489
  1.536500   0.980756
  1.536000   0.979683
  1.535500   0.978693
  1.535000   0.977596
  1.534500   0.976299
  1.534000   0.975031
  1.533500   0.973890
  1.533000   0.972724
  1.532500   0.971443
  1.532000   0.970102
  1.531500   0.968792
  1.531000   0.967542
  1.530500   0.966197
  1.530000   0.965059
  1.529500   0.963916
  1.529000   0.962596
  1.528500   0.961474
  1.528000   0.960280
  1.527500   0.959321
  1.527000   0.958244
  1.526500   0.957482
  1.526000   0.956583
  1.525500   0.955951
  1.525000   0.955128
  1.524500   0.954656
  1.524000   0.954003
  1.523500   0.953806
  1.523000   0.953399
  1.522500   0.953259
  1.522000   0.953150
  1.521500   0.953215
  1.521000   0.953543
  1.520500   0.953574
  1.520000   0.953908
  1.519500   0.954232
  1.519000   0.954896
  1.518500   0.955369
  1.518000   0.956160
  1.517500   0.956850
  1.517000   0.957676
  1.516500   0.958400
  1.516000   0.959388
  1.515500   0.960419
  1.515000   0.961212
  1.514500   0.962205
  1.514000   0.963281
  1.513500   0.964013
  1.513000   0.965130
  1.512500   0.966371
  1.512000   0.967313
  1.511500   0.968366
  1.511000   0.969211
  1.510500   0.970243
  1.510000   0.971075
  1.509500   0.971896
  1.509000   0.972957
  1.508500   0.973511
  1.508000   0.974286
  1.507500   0.974872
  1.507000   0.975368
  1.506500   0.975816
  1.506000   0.976137
  1.505500   0.976517
  1.505000   0.976619
  1.504500   0.976655
  1.504000   0.976700
  1.503500   0.976880
  1.503000   0.976566
  1.502500   0.976347
  1.502000   0.976047
  1.501500   0.975875
  1.501000   0.975341
  1.500500   0.974720
  1.500000   0.974186
  1.499500   0.973629
  1.499000   0.972798
  1.498500   0.971813
  1.498000   0.970995
  1.497500   0.969869
  1.497000   0.968922
  1.496500   0.967586
  1.496000   0.966225
  1.495500   0.964912
  1.495000   0.963507
  1.494500   0.961925
  1.494000   0.960115
  1.493500   0.958385
  1.493000   0.956309
  1.492500   0.954437
  1.492000   0.952302
  1.491500   0.950283
  1.491000   0.948113
  1.490500   0.945994
  1.490000   0.943573
  1.489500   0.941049
  1.489000   0.938719
  1.488500   0.936033
  1.488000   0.933313
  1.487500   0.930948
  1.487000   0.928184
  1.486500   0.925757
  1.486000   0.923182
  1.485500   0.920762
  1.485000   0.918263
  1.484500   0.916321
  1.484000   0.914125
  1.483500   0.912039
  1.483000   0.910206
  1.482500   0.908671
  1.482000   0.907127
  1.481500   0.905932
  1.481000   0.904770
  1.480500   0.903618
  1.480000   0.902660
  1.479500   0.901604
  1.479000   0.900737
  1.478500   0.899758
  1.478000   0.898620
  1.477500   0.897070
  1.477000   0.895245
  1.476500   0.893030
  1.476000   0.890116
  1.475500   0.886091
  1.475000   0.881411
  1.474500   0.875177
  1.474000   0.867760
  1.473500   0.859082
  1.473000   0.848597
  1.472500   0.835686
  1.472000   0.821691
  1.471500   0.804490
  1.471000   0.785666
  1.470500   0.765127
  1.470000   0.742475
  1.469500   0.717613
  1.469000   0.691299
  1.468500   0.663861
  1.468000   0.633697
  1.467500   0.604060
  1.467000   0.574616
  1.466500   0.544423
  1.466000   0.514699
  1.465500   0.485623
  1.465000   0.454644
  1.464500   0.424144
  1.464000   0.396481
  1.463500   0.370237
  1.463000   0.345069
  1.462500   0.321937
  1.462000   0.299403
  1.461500   0.279097
  1.461000   0.260351
  1.460500   0.243118
  1.460000   0.226225
  1.459500   0.210773
  1.459000   0.197059
  1.458500   0.182912
  1.458000   0.170586
  1.457500   0.159634
  1.457000   0.149378
  1.456500   0.139518
  1.456000   0.130303
  1.455500   0.121838
  1.455000   0.113713
  1.454500   0.106362
  1.454000   0.099698
  1.453500   0.092986
  1.453000   0.086872
  1.452500   0.081075
  1.452000   0.075700
  1.451500   0.070417
  1.451000   0.065991
  1.450500   0.061540
  1.450000   0.057178
  1.449500   0.053264
  1.449000   0.049399
  1.448500   0.045868
  1.448000   0.042518
  1.447500   0.039484
  1.447000   0.036580
  1.446500   0.033802
  1.446000   0.031236
  1.445500   0.028833
  1.445000   0.026710
  1.444500   0.024631
  1.444000   0.022675
  1.443500   0.020931
  1.443000   0.019217
  1.442500   0.017620
  1.442000   0.016261
  1.441500   0.014989
  1.441000   0.013751
  1.440500   0.012727
  1.440000   0.011768
  1.439500   0.010766
  1.439000   0.009864
  1.438500   0.009105
  1.438000   0.008488
  1.437500   0.007776
  1.437000   0.007120
  1.436500   0.006583
  1.436000   0.006086
  1.435500   0.005665
  1.435000   0.005178
  1.434500   0.004887
  1.434000   0.004607
  1.433500   0.004158
  1.433000   0.003913
  1.432500   0.003713
  1.432000   0.003368
  1.431500   0.003197
  1.431000   0.003005
  1.430500   0.002856
  1.430000   0.002682
  1.429500   0.002563
  1.429000   0.002348
  1.428500   0.002151
  1.428000   0.002074
  1.427500   0.001940
  1.427000   0.001763
  1.426500   0.001717
  1.426000   0.001663
  1.425500   0.001573
  1.425000   0.001510
  1.424500   0.001394
  1.424000   0.001340
  1.423500   0.001315
  1.423000   0.001155
  1.422500   0.001177
  1.422000   0.001091
  1.421500   0.000998
  1.421000   0.000972
  1.420500   0.000953
  1.420000   0.000933
  1.419500   0.000850
  1.419000   0.000851
  1.418500   0.000822
  1.418000   0.000822
  1.417500   0.000771
  1.417000   0.000780
  1.416500   0.000679
  1.416000   0.000670
  1.415500   0.000664
  1.415000   0.000645
  1.414500   0.000602
  1.414000   0.000431
  1.413500   0.000448
  1.413000   0.000560
  1.412500   0.000505
  1.412000   0.000491
  1.411500   0.000370
  1.411000   0.000445
  1.410500   0.000353
  1.410000   0.000367
  1.409500   0.000339
  1.409000   0.000407
  1.408500   0.000286
  1.408000   0.000288
  1.407500   0.000356
  1.407000   0.000230
  1.406500   0.000273
  1.406000   0.000255
  1.405500   0.000150
  1.405000   0.000193
  1.404500   0.000175
  1.404000   0.000146
  1.403500   0.000235
  1.403000   0.000236
  1.402500   0.000127
  1.402000   0.000189
  1.401500   0.000180
  1.401000   0.000081
  1.400500   0.000069
  1.400000   0.000148
  1.399500   0.000094
  1.399000   0.000104
  1.398500   0.000103
  1.398000   0.000087
  1.397500   0.000071
  1.397000   0.000118
  1.396500   0.000093
  1.396000   0.000044
  1.395500  -0.000019
  1.395000  -0.000004
  1.394500   0.000077
  1.394000   0.000039
  1.393500   0.000107
  1.393000   0.000037
  1.392500   0.000070
  1.392000   0.000057
  1.391500   0.000101
  1.391000   0.000086
  1.390500   0.000061
  1.390000   0.000059
  1.389500   0.000008
  1.389000   0.000009
  1.388500   0.000012
  1.388000   0.000056
  1.387500  -0.000001
  1.387000   0.000074
  1.386500   0.000031
  1.386000   0.000074
  1.385500  -0.000054
  1.385000   0.000016
  1.384500   0.000047
  1.384000   0.000085
  1.383500   0.000019
  1.383000   0.000037
  1.382500  -0.000060
  1.382000  -0.000000
  1.381500  -0.000015
  1.381000  -0.000040
  1.380500   0.000015
  1.380000   0.000015
  1.379500  -0.000047
  1.379000  -0.000025
  1.378500   0.000102
  1.378000   0.000027
  1.377500  -0.000034
  1.377000   0.000050
  1.376500  -0.000019
  1.376000   0.000116
  1.375500   0.000006
  1.375000   0.000033
  1.374500   0.000026
  1.374000  -0.000000
  1.373500  -0.000019
  1.373000  -0.000038
  1.372500  -0.000026
  1.372000   0.000025
  1.371500   0.000014
  1.371000   0.000003
  1.370500   0.000015
  1.370000  -0.000003
  1.369500   0.000032
  1.369000   0.000040
  1.368500   0.000038
  1.368000   0.000003
  1.367500   0.000004
  1.367000  -0.000011
  1.366500   0.000080
  1.366000  -0.000015
  1.365500  -0.000026
  1.365000  -0.000082
  1.364500  -0.000001
  1.364000   0.000027
  1.363500   0.000031
  1.363000   0.000025
  1.362500   0.000006
  1.362000   0.000051
  1.361500   0.000057
  1.361000   0.000045
  1.360500   0.000008
  1.360000  -0.000030
  1.359500  -0.000050
  1.359000  -0.000023
  1.358500   0.000062
  1.358000   0.000011
  1.357500  -0.000018
